# seg	start	stop	duration
0	1368934436	1368938717	4281.0
1	1368954141	1368961543	7402.0
2	1368979913	1368982483	2570.0
3	1368983715	1368992311	8596.0
4	1368993005	1368997896	4891.0
5	1369184832	1369184915	83.0
6	1369185055	1369200465	15410.0
7	1369205881	1369230918	25037.0
8	1369241742	1369246564	4822.0
9	1369254052	1369255796	1744.0
10	1369255991	1369263774	7783.0
11	1369276031	1369292466	16435.0
12	1369299302	1369333565	34263.0
13	1369375930	1369381513	5583.0
14	1369386030	1369409817	23787.0
15	1369411298	1369413649	2351.0
16	1369432797	1369443373	10576.0
17	1369451672	1369470643	18971.0
18	1369480556	1369485043	4487.0
19	1369521579	1369530570	8991.0
20	1369545660	1369555842	10182.0
21	1369562361	1369567054	4693.0
22	1369584420	1369591412	6992.0
23	1369598234	1369601745	3511.0
24	1369610209	1369617585	7376.0
25	1369626067	1369632035	5968.0
26	1369638079	1369644126	6047.0
27	1369649613	1369658687	9074.0
28	1369681145	1369703504	22359.0
29	1369703930	1369717050	13120.0
30	1369717388	1369724290	6902.0
31	1369729650	1369731495	1845.0
32	1369765810	1369772023	6213.0
33	1369780122	1369801450	21328.0
34	1369805217	1369815975	10758.0
35	1369839764	1369868964	29200.0
36	1369885028	1369922212	37184.0
37	1369939918	1369945707	5789.0
38	1369945733	1369946324	591.0
39	1369952773	1369955806	3033.0
40	1369959099	1369964701	5602.0
41	1369980477	1369998986	18509.0
42	1370008298	1370016465	8167.0
43	1370019388	1370024237	4849.0
44	1370036058	1370036139	81.0
45	1370036174	1370037093	919.0
46	1370040112	1370049701	9589.0
47	1370050230	1370054095	3865.0
48	1370054163	1370078760	24597.0
49	1370086491	1370090937	4446.0
50	1370129380	1370133094	3714.0
51	1370136007	1370164042	28035.0
52	1370169543	1370178000	8457.0
53	1370185937	1370190930	4993.0
54	1370195391	1370207056	11665.0
55	1370214228	1370227554	13326.0
56	1370232443	1370242450	10007.0
57	1370247770	1370253887	6117.0
58	1370261630	1370262003	373.0
59	1370262004	1370263087	1083.0
60	1370263088	1370263150	62.0
61	1370263151	1370264334	1183.0
62	1370264335	1370264490	155.0
63	1370264491	1370267918	3427.0
64	1370282070	1370292548	10478.0
65	1370292652	1370293137	485.0
66	1370301775	1370307928	6153.0
67	1370307959	1370325018	17059.0
68	1370325212	1370330230	5018.0
69	1370336418	1370345856	9438.0
70	1370348285	1370350317	2032.0
71	1370350593	1370357618	7025.0
72	1370360313	1370376655	16342.0
73	1370383648	1370400556	16908.0
74	1370402911	1370415251	12340.0
75	1370421494	1370427083	5589.0
76	1370431479	1370461862	30383.0
77	1370466508	1370475332	8824.0
78	1370479747	1370480701	954.0
79	1370483488	1370490237	6749.0
80	1370495813	1370513141	17328.0
81	1370519397	1370528097	8700.0
82	1370533861	1370540913	7052.0
83	1370544335	1370555146	10811.0
84	1370559286	1370570538	11252.0
85	1370590090	1370607189	17099.0
86	1370613343	1370621618	8275.0
87	1370627225	1370637142	9917.0
88	1370642816	1370650083	7267.0
89	1370655948	1370656556	608.0
90	1370656687	1370666127	9440.0
91	1370674418	1370697380	22962.0
92	1370726735	1370731347	4612.0
93	1370731456	1370732482	1026.0
94	1370758509	1370763687	5178.0
95	1370768923	1370772948	4025.0
96	1370777973	1370799721	21748.0
97	1370805947	1370813537	7590.0
98	1370820170	1370821881	1711.0
99	1370829633	1370830763	1130.0
100	1370844797	1370846643	1846.0
101	1370846775	1370851447	4672.0
102	1370856601	1370872383	15782.0
103	1370876670	1370882107	5437.0
104	1370884969	1370888285	3316.0
105	1370888307	1370888352	45.0
106	1370904074	1370906046	1972.0
107	1370915048	1370941661	26613.0
108	1370948691	1370951317	2626.0
109	1370955563	1370966931	11368.0
110	1370969102	1370969663	561.0
111	1370993335	1370993675	340.0
112	1370998664	1371008205	9541.0
113	1371013187	1371014581	1394.0
114	1371017689	1371028276	10587.0
115	1371033559	1371039832	6273.0
116	1371047435	1371055150	7715.0
117	1371058600	1371064179	5579.0
118	1371075027	1371078382	3355.0
119	1371088160	1371095424	7264.0
120	1371099179	1371104696	5517.0
121	1371111090	1371130148	19058.0
122	1371135172	1371136901	1729.0
123	1371145915	1371155685	9770.0
124	1371174393	1371179161	4768.0
125	1371179831	1371192153	12322.0
126	1371197859	1371200877	3018.0
127	1371206449	1371213012	6563.0
128	1371219872	1371220233	361.0
129	1371235280	1371239274	3994.0
130	1371239640	1371239877	237.0
131	1371242388	1371243775	1387.0
132	1371251718	1371269363	17645.0
133	1371269519	1371271519	2000.0
134	1371274409	1371276583	2174.0
135	1371280342	1371280924	582.0
136	1371291914	1371303215	11301.0
137	1371348585	1371380425	31840.0
138	1371380537	1371381771	1234.0
139	1371385787	1371388719	2932.0
140	1371392112	1371395175	3063.0
141	1371425676	1371430111	4435.0
142	1371433312	1371441079	7767.0
143	1371445497	1371469654	24157.0
144	1371474513	1371477245	2732.0
145	1371477714	1371480535	2821.0
146	1371483178	1371489324	6146.0
147	1371504312	1371509063	4751.0
148	1371511876	1371516584	4708.0
149	1371520929	1371541884	20955.0
150	1371563918	1371581630	17712.0
151	1371581663	1371582528	865.0
152	1371587822	1371591458	3636.0
153	1371598235	1371673414	75179.0
154	1371679533	1371683736	4203.0
155	1371700173	1371714137	13964.0
156	1371727468	1371766052	38584.0
157	1371769102	1371785495	16393.0
158	1371789583	1371815313	25730.0
159	1371820056	1371831242	11186.0
160	1371836862	1371847232	10370.0
161	1371864233	1371902417	38184.0
162	1371902748	1371908858	6110.0
163	1371935776	1371936280	504.0
164	1371936990	1371940643	3653.0
165	1371941080	1371951181	10101.0
166	1371961796	1371971514	9718.0
167	1371971600	1372008345	36745.0
168	1372011083	1372014091	3008.0
169	1372028451	1372033204	4753.0
170	1372034081	1372038980	4899.0
171	1372041937	1372043115	1178.0
172	1372045393	1372086714	41321.0
173	1372125173	1372126856	1683.0
174	1372126896	1372130640	3744.0
175	1372130670	1372171920	41250.0
176	1372177835	1372186186	8351.0
177	1372198888	1372231778	32890.0
178	1372240517	1372249329	8812.0
179	1372252640	1372260528	7888.0
180	1372289525	1372304314	14789.0
181	1372314618	1372328560	13942.0
182	1372348882	1372374390	25508.0
183	1372384690	1372384721	31.0
184	1372394270	1372421999	27729.0
185	1372425326	1372438563	13237.0
186	1372445425	1372456109	10684.0
187	1372465238	1372478537	13299.0
188	1372487854	1372493529	5675.0
189	1372503048	1372527117	24069.0
190	1372527251	1372528498	1247.0
191	1372537436	1372544543	7107.0
192	1372549784	1372564553	14769.0
193	1372570113	1372618858	48745.0
194	1372633378	1372654214	20836.0
195	1372658052	1372692150	34098.0
196	1372692271	1372723478	31207.0
197	1372723874	1372737705	13831.0
198	1372746299	1372797738	51439.0
199	1372797773	1372798857	1084.0
200	1372811832	1372912494	100662.0
201	1372912651	1372924077	11426.0
202	1372924158	1372942871	18713.0
203	1373002147	1373011074	8927.0
204	1373022066	1373039882	17816.0
205	1373047498	1373056499	9001.0
206	1373073456	1373117279	43823.0
207	1373142621	1373146939	4318.0
208	1373157084	1373163390	6306.0
209	1373163925	1373208546	44621.0
210	1373245500	1373271010	25510.0
211	1373277824	1373300109	22285.0
212	1373306214	1373307153	939.0
213	1373324597	1373362381	37784.0
214	1373375820	1373386700	10880.0
215	1373394461	1373400141	5680.0
216	1373417136	1373483208	66072.0
217	1373490505	1373513048	22543.0
218	1373516441	1373525677	9236.0
219	1373553370	1373562318	8948.0
220	1373575415	1373576254	839.0
221	1373583056	1373598992	15936.0
222	1373614097	1373645472	31375.0
223	1373649062	1373650932	1870.0
224	1373658601	1373666600	7999.0
225	1373673717	1373710713	36996.0
226	1373760055	1373761596	1541.0
227	1373774134	1373779899	5765.0
228	1373780326	1373787547	7221.0
229	1373796997	1373806682	9685.0
230	1373811481	1373812019	538.0
231	1373813456	1373821609	8153.0
232	1373822194	1373827872	5678.0
233	1373828054	1373829056	1002.0
234	1373843681	1373850087	6406.0
235	1373860025	1373866044	6019.0
236	1373866114	1373866142	28.0
237	1373866359	1373886052	19693.0
238	1373895167	1373895229	62.0
239	1373897902	1373897963	61.0
240	1373902450	1373902664	214.0
241	1373927335	1373930734	3399.0
242	1373940334	1373971723	31389.0
243	1374012149	1374012342	193.0
244	1374012413	1374072120	59707.0
245	1374072541	1374092356	19815.0
246	1374093824	1374096942	3118.0
247	1374097221	1374098663	1442.0
248	1374112171	1374129318	17147.0
249	1374129347	1374135538	6191.0
250	1374135557	1374155106	19549.0
251	1374161238	1374194501	33263.0
252	1374200814	1374206957	6143.0
253	1374206969	1374230823	23854.0
254	1374269044	1374273982	4938.0
255	1374292527	1374298866	6339.0
256	1374303416	1374320896	17480.0
257	1374321634	1374327328	5694.0
258	1374369269	1374398226	28957.0
259	1374398365	1374404265	5900.0
260	1374448987	1374472570	23583.0
261	1374472573	1374490389	17816.0
262	1374537329	1374575882	38553.0
263	1374611099	1374620514	9415.0
264	1374621946	1374624688	2742.0
265	1374634151	1374634695	544.0
266	1374634958	1374644680	9722.0
267	1374647579	1374659084	11505.0
268	1374659087	1374714905	55818.0
269	1374723337	1374724175	838.0
270	1374724501	1374736185	11684.0
271	1374736425	1374736452	27.0
272	1374736733	1374738349	1616.0
273	1374738634	1374740003	1369.0
274	1374740249	1374740488	239.0
275	1374740770	1374743860	3090.0
276	1374744096	1374745857	1761.0
277	1374746140	1374746441	301.0
278	1374746726	1374747487	761.0
279	1374747767	1374749718	1951.0
280	1374749973	1374750421	448.0
281	1374750710	1374750971	261.0
282	1374751280	1374751294	14.0
283	1374751902	1374777586	25684.0
284	1374784440	1374817820	33380.0
285	1374832347	1374835912	3565.0
286	1374874753	1374875804	1051.0
287	1374876598	1374913617	37019.0
288	1374916779	1374922264	5485.0
289	1374962554	1374963114	560.0
290	1374963379	1374969747	6368.0
291	1374973090	1374992237	19147.0
292	1374992281	1374993286	1005.0
293	1375000387	1375001014	627.0
294	1375001017	1375008358	7341.0
295	1375066722	1375091971	25249.0
296	1375142616	1375145937	3321.0
297	1375150983	1375151956	973.0
298	1375152568	1375182155	29587.0
299	1375188036	1375188039	3.0
300	1375214799	1375216873	2074.0
301	1375219636	1375219842	206.0
302	1375219851	1375239695	19844.0
303	1375239834	1375252379	12545.0
304	1375252392	1375272058	19666.0
305	1375276218	1375281535	5317.0
306	1375285532	1375290545	5013.0
307	1375290558	1375293365	2807.0
308	1375297900	1375299348	1448.0
309	1375306828	1375321840	15012.0
310	1375327073	1375335894	8821.0
311	1375343160	1375344304	1144.0
312	1375346519	1375364096	17577.0
313	1375381741	1375390258	8517.0
314	1375392662	1375396103	3441.0
315	1375402953	1375407283	4330.0
316	1375428542	1375428550	8.0
317	1375476431	1375485126	8695.0
318	1375491642	1375495812	4170.0
319	1375499487	1375506199	6712.0
320	1375506707	1375516044	9337.0
321	1375516646	1375516691	45.0
322	1375516843	1375516883	40.0
323	1375520590	1375525123	4533.0
324	1375567688	1375573349	5661.0
325	1375574730	1375577050	2320.0
326	1375577106	1375591572	14466.0
327	1375591734	1375598825	7091.0
328	1375603943	1375609033	5090.0
329	1375665648	1375674493	8845.0
330	1375674629	1375686321	11692.0
331	1375693847	1375700279	6432.0
332	1375743834	1375751457	7623.0
333	1375755406	1375763125	7719.0
334	1375785088	1375786187	1099.0
335	1375823155	1375832486	9331.0
336	1375832573	1375856932	24359.0
337	1375861996	1375884054	22058.0
338	1375884057	1375893334	9277.0
339	1375893375	1375897024	3649.0
340	1375897039	1375898351	1312.0
341	1375898361	1375908229	9868.0
342	1375908241	1375939199	30958.0
343	1375945698	1375953006	7308.0
344	1375953085	1375953767	682.0
345	1375953846	1376000183	46337.0
346	1376004836	1376018755	13919.0
347	1376021296	1376045676	24380.0
348	1376048805	1376048866	61.0
349	1376050859	1376050907	48.0
350	1376079547	1376088258	8711.0
351	1376092845	1376100594	7749.0
352	1376111484	1376132484	21000.0
353	1376186604	1376189494	2890.0
354	1376199620	1376209643	10023.0
355	1376209722	1376216060	6338.0
356	1376218907	1376226407	7500.0
357	1376233075	1376237774	4699.0
358	1376241396	1376247743	6347.0
359	1376271363	1376274185	2822.0
360	1376287340	1376327847	40507.0
361	1376340002	1376343100	3098.0
362	1376349032	1376364536	15504.0
363	1376364572	1376376122	11550.0
364	1376376143	1376400466	24323.0
365	1376400544	1376408765	8221.0
366	1376408770	1376415377	6607.0
367	1376420271	1376428067	7796.0
368	1376436578	1376454709	18131.0
369	1376454890	1376477849	22959.0
370	1376482352	1376493071	10719.0
371	1376500724	1376510078	9354.0
372	1376512592	1376513904	1312.0
373	1376516301	1376518758	2457.0
374	1376536647	1376547702	11055.0
375	1376561784	1376593156	31372.0
376	1376593295	1376595874	2579.0
377	1376595986	1376596031	45.0
378	1376596101	1376603281	7180.0
379	1376610465	1376667765	57300.0
380	1376668085	1376678293	10208.0
381	1376683752	1376693999	10247.0
382	1376698273	1376748115	49842.0
383	1376775929	1376815347	39418.0
384	1376815426	1376836833	21407.0
385	1376847322	1376852515	5193.0
386	1376866910	1376956243	89333.0
387	1376959611	1377029811	70200.0
388	1377036570	1377064623	28053.0
389	1377086176	1377106920	20744.0
390	1377106959	1377126490	19531.0
391	1377136294	1377147990	11696.0
392	1377152727	1377177696	24969.0
393	1377177741	1377208675	30934.0
394	1377212200	1377217318	5118.0
395	1377218100	1377220099	1999.0
396	1377226507	1377241924	15417.0
397	1377245781	1377258767	12986.0
398	1377270400	1377288870	18470.0
399	1377309427	1377323959	14532.0
400	1377324482	1377332867	8385.0
401	1377332946	1377352818	19872.0
402	1377404431	1377435783	31352.0
403	1377435938	1377443571	7633.0
404	1377470811	1377471009	198.0
405	1377471350	1377472825	1475.0
406	1377478994	1377496878	17884.0
407	1377499218	1377531645	32427.0
408	1377534439	1377541830	7391.0
409	1377547788	1377547943	155.0
410	1377548061	1377550447	2386.0
411	1377555875	1377557272	1397.0
412	1377561457	1377567839	6382.0
413	1377567924	1377578167	10243.0
414	1377583484	1377586828	3344.0
415	1377590825	1377619023	28198.0
416	1377619205	1377628697	9492.0
417	1377665709	1377686649	20940.0
418	1377691574	1377722764	31190.0
419	1377727765	1377733699	5934.0
420	1377737263	1377739733	2470.0
421	1377743427	1377762776	19349.0
422	1377765751	1377767410	1659.0
423	1377773127	1377820187	47060.0
424	1377823360	1377823747	387.0
425	1377823832	1377896013	72181.0
426	1377903753	1377907969	4216.0
427	1377914319	1377914478	159.0
428	1377918461	1377918909	448.0
429	1377919064	1377935334	16270.0
430	1377939803	1377940421	618.0
431	1377944351	1377949617	5266.0
432	1377982666	1377983433	767.0
433	1377988668	1378010640	21972.0
434	1378016695	1378021048	4353.0
435	1378024512	1378040744	16232.0
436	1378048918	1378048989	71.0
437	1378048996	1378055180	6184.0
438	1378060064	1378060252	188.0
439	1378077116	1378079940	2824.0
440	1378088395	1378110282	21887.0
441	1378110361	1378135863	25502.0
442	1378136327	1378141483	5156.0
443	1378145374	1378159274	13900.0
444	1378163210	1378164358	1148.0
445	1378164760	1378165455	695.0
446	1378178205	1378200841	22636.0
447	1378211421	1378218017	6596.0
448	1378223529	1378223865	336.0
449	1378242148	1378244506	2358.0
450	1378278430	1378311317	32887.0
451	1378316096	1378334320	18224.0
452	1378337249	1378342358	5109.0
453	1378349335	1378356078	6743.0
454	1378356189	1378363590	7401.0
455	1378369222	1378425606	56384.0
456	1378427407	1378427595	188.0
457	1378428550	1378429289	739.0
458	1378429532	1378430133	601.0
459	1378430456	1378430717	261.0
460	1378432143	1378434310	2167.0
461	1378435388	1378436054	666.0
462	1378436320	1378436551	231.0
463	1378438642	1378443665	5023.0
464	1378444059	1378445651	1592.0
465	1378463257	1378463387	130.0
466	1378463481	1378463797	316.0
467	1378464013	1378465540	1527.0
468	1378465664	1378465831	167.0
469	1378466870	1378467178	308.0
470	1378468659	1378469494	835.0
471	1378471617	1378481754	10137.0
472	1378486284	1378490884	4600.0
473	1378490887	1378497008	6121.0
474	1378498040	1378505813	7773.0
475	1378511108	1378526085	14977.0
476	1378528583	1378555585	27002.0
477	1378560398	1378562459	2061.0
478	1378587276	1378587566	290.0
479	1378587647	1378600864	13217.0
480	1378604666	1378609316	4650.0
481	1378612150	1378617006	4856.0
482	1378625960	1378642173	16213.0
483	1378646830	1378665025	18195.0
484	1378681948	1378701964	20016.0
485	1378706661	1378762648	55987.0
486	1378767218	1378837599	70381.0
487	1378840877	1378842864	1987.0
488	1378847979	1378868512	20533.0
489	1378868611	1378917534	48923.0
490	1378924877	1378952792	27915.0
491	1378957866	1378971945	14079.0
492	1378977233	1378985443	8210.0
493	1378993266	1379024528	31262.0
494	1379028072	1379042625	14553.0
495	1379046035	1379079880	33845.0
496	1379098496	1379121289	22793.0
497	1379121405	1379129237	7832.0
498	1379138960	1379142972	4012.0
499	1379194069	1379197820	3751.0
500	1379202951	1379255904	52953.0
501	1379269231	1379271626	2395.0
502	1379288839	1379292185	3346.0
503	1379299194	1379328549	29355.0
504	1379346477	1379352381	5904.0
505	1379381016	1379414536	33520.0
506	1379434244	1379445223	10979.0
507	1379448144	1379449435	1291.0
508	1379453499	1379454508	1009.0
509	1379454797	1379461266	6469.0
510	1379461366	1379462864	1498.0
511	1379464050	1379482799	18749.0
512	1379498550	1379531346	32796.0
513	1379531437	1379531442	5.0
514	1379540060	1379586291	46231.0
515	1379593319	1379616500	23181.0
516	1379630377	1379695340	64963.0
517	1379698887	1379726789	27902.0
518	1379745181	1379745851	670.0
519	1379746807	1379772023	25216.0
520	1379799472	1379805676	6204.0
521	1379815125	1379845756	30631.0
522	1379852881	1379871922	19041.0
523	1379905356	1379908186	2830.0
524	1379912659	1379961155	48496.0
525	1379967271	1379968255	984.0
526	1379972049	1379974596	2547.0
527	1379975090	1379975300	210.0
528	1379976713	1379983081	6368.0
529	1379992953	1379993259	306.0
530	1379993638	1379993866	228.0
531	1379995016	1379995230	214.0
532	1379996215	1379996530	315.0
533	1380005275	1380008564	3289.0
534	1380018372	1380049237	30865.0
535	1380056782	1380056956	174.0
536	1380061614	1380067518	5904.0
537	1380071779	1380174305	102526.0
538	1380177526	1380196644	19118.0
539	1380202286	1380204576	2290.0
540	1380228650	1380234073	5423.0
541	1380250145	1380297600	47455.0
542	1380303193	1380319054	15861.0
543	1380319063	1380319138	75.0
544	1380319144	1380364509	45365.0
545	1380368454	1380370672	2218.0
546	1380406503	1380408398	1895.0
547	1380414828	1380424213	9385.0
548	1380428921	1380433144	4223.0
549	1380441901	1380455034	13133.0
550	1380467392	1380481315	13923.0
551	1380495308	1380509513	14205.0
552	1380517542	1380562479	44937.0
553	1380562543	1380573583	11040.0
554	1380582449	1380594229	11780.0
555	1380602144	1380647689	45545.0
556	1380647743	1380658604	10861.0
557	1380658653	1380689677	31024.0
558	1380720832	1380747591	26759.0
559	1380748453	1380753423	4970.0
560	1380756314	1380759916	3602.0
561	1380760001	1380767485	7484.0
562	1380775606	1380784246	8640.0
563	1380788279	1380827602	39323.0
564	1380834619	1380853382	18763.0
565	1380857378	1380863768	6390.0
566	1380867753	1380880698	12945.0
567	1380923211	1380924524	1313.0
568	1380926864	1380928009	1145.0
569	1380929965	1380943186	13221.0
570	1380945609	1380968453	22844.0
571	1380971042	1380981800	10758.0
572	1381006750	1381007110	360.0
573	1381007122	1381021292	14170.0
574	1381032869	1381046905	14036.0
575	1381054280	1381071741	17461.0
576	1381076538	1381086140	9602.0
577	1381205782	1381205860	78.0
578	1381206458	1381227541	21083.0
579	1381232332	1381241245	8913.0
580	1381244463	1381248324	3861.0
581	1381255348	1381259006	3658.0
582	1381259314	1381260799	1485.0
583	1381260861	1381266396	5535.0
584	1381266423	1381345005	78582.0
585	1381345025	1381377907	32882.0
586	1381404891	1381429070	24179.0
587	1381433900	1381461554	27654.0
588	1381467491	1381491761	24270.0
589	1381502650	1381508635	5985.0
590	1381522455	1381524007	1552.0
591	1381524041	1381531322	7281.0
592	1381531358	1381559217	27859.0
593	1381565830	1381586724	20894.0
594	1381614722	1381616197	1475.0
595	1381617204	1381618129	925.0
596	1381618561	1381629198	10637.0
597	1381634778	1381682932	48154.0
598	1381683391	1381690862	7471.0
599	1381705706	1381757268	51562.0
600	1381759506	1381773018	13512.0
601	1381773175	1381774437	1262.0
602	1381779693	1381780792	1099.0
603	1381780979	1381867220	86241.0
604	1381878522	1381910740	32218.0
605	1381956615	1381958564	1949.0
606	1381964628	1381984866	20238.0
607	1381996587	1382036392	39805.0
608	1382041719	1382041839	120.0
609	1382122908	1382133687	10779.0
610	1382133803	1382134516	713.0
611	1382147460	1382175338	27878.0
612	1382237533	1382253580	16047.0
613	1382259592	1382260974	1382.0
614	1382270420	1382285175	14755.0
615	1382287987	1382290176	2189.0
616	1382294130	1382296090	1960.0
617	1382311894	1382315366	3472.0
618	1382315426	1382315431	5.0
619	1382315491	1382315496	5.0
620	1382315556	1382315561	5.0
621	1382331959	1382349602	17643.0
622	1382359847	1382373495	13648.0
623	1382381383	1382381855	472.0
624	1382392741	1382417356	24615.0
625	1382427849	1382444233	16384.0
626	1382448668	1382456443	7775.0
627	1382457400	1382472112	14712.0
628	1382487465	1382497863	10398.0
629	1382509559	1382534786	25227.0
630	1382534861	1382535534	673.0
631	1382535975	1382549718	13743.0
632	1382557608	1382561227	3619.0
633	1382570097	1382578141	8044.0
634	1382584559	1382593907	9348.0
635	1382599445	1382611809	12364.0
636	1382617753	1382630506	12753.0
637	1382638712	1382639449	737.0
638	1382639519	1382653997	14478.0
639	1382654808	1382674548	19740.0
640	1382681927	1382689306	7379.0
641	1382698209	1382717150	18941.0
642	1382928002	1382928147	145.0
643	1382928761	1382933303	4542.0
644	1382936357	1382972692	36335.0
645	1382973491	1382976184	2693.0
646	1382976202	1383015629	39427.0
647	1383016143	1383019222	3079.0
648	1383055295	1383056189	894.0
649	1383056932	1383074221	17289.0
650	1383104293	1383107481	3188.0
651	1383107565	1383172395	64830.0
652	1383183510	1383192739	9229.0
653	1383251102	1383251230	128.0
654	1383251245	1383251824	579.0
655	1383260273	1383260344	71.0
656	1383264768	1383284023	19255.0
657	1383287548	1383346363	58815.0
658	1383351190	1383373362	22172.0
659	1383436922	1383455542	18620.0
660	1383479269	1383485143	5874.0
661	1383500560	1383508832	8272.0
662	1383526046	1383588154	62108.0
663	1383588371	1383612045	23674.0
664	1383623739	1383629282	5543.0
665	1383634020	1383657784	23764.0
666	1383661781	1383673200	11419.0
667	1383680263	1383685787	5524.0
668	1383703496	1383703506	10.0
669	1383708344	1383710984	2640.0
670	1383710989	1383721742	10753.0
671	1383725878	1383737191	11313.0
672	1383737251	1383737256	5.0
673	1383737316	1383737321	5.0
674	1383737381	1383737386	5.0
675	1383737446	1383737451	5.0
676	1383737511	1383737516	5.0
677	1383737576	1383737581	5.0
678	1383737641	1383737646	5.0
679	1383737706	1383737711	5.0
680	1383737771	1383737776	5.0
681	1383737836	1383737841	5.0
682	1383737901	1383737906	5.0
683	1383737966	1383737971	5.0
684	1383738031	1383738036	5.0
685	1383738096	1383738101	5.0
686	1383738161	1383738166	5.0
687	1383738226	1383738231	5.0
688	1383738291	1383738296	5.0
689	1383738356	1383738361	5.0
690	1383738421	1383738426	5.0
691	1383738486	1383738491	5.0
692	1383738551	1383738556	5.0
693	1383738616	1383738621	5.0
694	1383738681	1383738686	5.0
695	1383738746	1383738751	5.0
696	1383738811	1383738816	5.0
697	1383738876	1383738881	5.0
698	1383738941	1383738946	5.0
699	1383739006	1383739011	5.0
700	1383739071	1383739076	5.0
701	1383739136	1383739141	5.0
702	1383739201	1383739206	5.0
703	1383739266	1383739271	5.0
704	1383739331	1383739336	5.0
705	1383739396	1383739401	5.0
706	1383739461	1383739466	5.0
707	1383739526	1383739531	5.0
708	1383739591	1383739596	5.0
709	1383739656	1383739661	5.0
710	1383739721	1383739726	5.0
711	1383739786	1383739791	5.0
712	1383739851	1383739856	5.0
713	1383739916	1383739921	5.0
714	1383739981	1383739986	5.0
715	1383740046	1383740051	5.0
716	1383740111	1383740116	5.0
717	1383740176	1383740181	5.0
718	1383740241	1383740246	5.0
719	1383740306	1383740311	5.0
720	1383740371	1383740376	5.0
721	1383740436	1383740441	5.0
722	1383740501	1383740506	5.0
723	1383740566	1383740571	5.0
724	1383740631	1383740636	5.0
725	1383740696	1383740701	5.0
726	1383740761	1383740766	5.0
727	1383740826	1383740831	5.0
728	1383740891	1383740896	5.0
729	1383740956	1383740961	5.0
730	1383741021	1383741026	5.0
731	1383741086	1383741091	5.0
732	1383741151	1383741156	5.0
733	1383741216	1383741221	5.0
734	1383741281	1383741286	5.0
735	1383741346	1383741351	5.0
736	1383741411	1383741416	5.0
737	1383741476	1383741481	5.0
738	1383741541	1383741546	5.0
739	1383741606	1383741611	5.0
740	1383741671	1383741676	5.0
741	1383741736	1383741741	5.0
742	1383741801	1383741806	5.0
743	1383741866	1383741871	5.0
744	1383741931	1383741936	5.0
745	1383741996	1383742001	5.0
746	1383742061	1383742066	5.0
747	1383742126	1383742131	5.0
748	1383742191	1383742196	5.0
749	1383742256	1383742261	5.0
750	1383742321	1383742326	5.0
751	1383742386	1383742391	5.0
752	1383751409	1383761619	10210.0
753	1383761770	1383775548	13778.0
754	1383778136	1383782119	3983.0
755	1383784477	1383786324	1847.0
756	1383798686	1383807877	9191.0
757	1383808132	1383826917	18785.0
758	1383827215	1383868071	40856.0
759	1383868867	1383926313	57446.0
760	1383936937	1383944997	8060.0
761	1383945581	1383983342	37761.0
762	1383994721	1383999253	4532.0
763	1383999384	1384009278	9894.0
764	1384219988	1384224545	4557.0
765	1384228911	1384245159	16248.0
766	1384257182	1384290050	32868.0
767	1384300357	1384338014	37657.0
768	1384366811	1384379985	13174.0
769	1384397334	1384438455	41121.0
770	1384462885	1384465897	3012.0
771	1384472334	1384474542	2208.0
772	1384474554	1384495176	20622.0
773	1384502733	1384518855	16122.0
774	1384551580	1384576126	24546.0
775	1384740952	1384755887	14935.0
776	1384756008	1384769396	13388.0
777	1384773602	1384797851	24249.0
778	1384798312	1384807963	9651.0
779	1384808111	1384837109	28998.0
780	1384837252	1384852661	15409.0
781	1384870405	1384870519	114.0
782	1384882126	1384889697	7571.0
783	1384897148	1384917290	20142.0
784	1384923142	1384964332	41190.0
785	1384964352	1384969635	5283.0
786	1384977238	1384979660	2422.0
787	1384986679	1385054773	68094.0
788	1385060905	1385089508	28603.0
789	1385089746	1385102627	12881.0
790	1385112257	1385142228	29971.0
791	1385142513	1385158414	15901.0
792	1385173576	1385180776	7200.0
793	1385183628	1385188298	4670.0
794	1385194584	1385202549	7965.0
795	1385209353	1385218821	9468.0
796	1385252542	1385257159	4617.0
797	1385262136	1385267162	5026.0
798	1385273785	1385284831	11046.0
799	1385605500	1385606105	605.0
800	1385611135	1385611955	820.0
801	1385618007	1385618243	236.0
802	1385621701	1385622558	857.0
803	1385686375	1385719838	33463.0
804	1385726018	1385748971	22953.0
805	1385758559	1385767762	9203.0
806	1385767777	1385798830	31053.0
807	1385804520	1385821944	17424.0
808	1385852833	1385858752	5919.0
809	1385858844	1385883691	24847.0
810	1385888321	1385925638	37317.0
811	1385939952	1385984308	44356.0
812	1386395900	1386400538	4638.0
813	1386457398	1386462491	5093.0
814	1386462564	1386508540	45976.0
815	1386552400	1386553324	924.0
816	1386553331	1386553335	4.0
817	1386553342	1386553346	4.0
818	1386553353	1386553356	3.0
819	1386553364	1386553367	3.0
820	1386553375	1386553378	3.0
821	1386553386	1386553389	3.0
822	1386553397	1386553400	3.0
823	1386553407	1386553411	4.0
824	1386553418	1386553421	3.0
825	1386553429	1386553432	3.0
826	1386553440	1386553443	3.0
827	1386553451	1386553454	3.0
828	1386553462	1386553465	3.0
829	1386553473	1386553476	3.0
830	1386553483	1386553487	4.0
831	1386553494	1386553497	3.0
832	1386553505	1386553508	3.0
833	1386553516	1386553519	3.0
834	1386553527	1386553530	3.0
835	1386553538	1386553541	3.0
836	1386553549	1386553552	3.0
837	1386553559	1386553563	4.0
838	1386553570	1386553574	4.0
839	1386553581	1386553585	4.0
840	1386553592	1386553595	3.0
841	1386553603	1386553606	3.0
842	1386553614	1386553617	3.0
843	1386553625	1386553628	3.0
844	1386553635	1386553639	4.0
845	1386553646	1386553650	4.0
846	1386553657	1386553660	3.0
847	1386553668	1386553671	3.0
848	1386553679	1386553682	3.0
849	1386553690	1386553693	3.0
850	1386553700	1386553704	4.0
851	1386553716	1386553774	58.0
852	1386553779	1386553824	45.0
853	1386553829	1386559972	6143.0
854	1386563258	1386568142	4884.0
855	1386573515	1386578477	4962.0
856	1386581625	1386601693	20068.0
857	1386608265	1386611816	3551.0
858	1386611821	1386612284	463.0
859	1386617082	1386619741	2659.0
860	1386633901	1386655450	21549.0
861	1386661394	1386662609	1215.0
862	1386684644	1386688969	4325.0
863	1386699072	1386702522	3450.0
864	1386705587	1386705912	325.0
865	1386711540	1386711975	435.0
866	1386711980	1386718120	6140.0
867	1386722371	1386759045	36674.0
868	1386762614	1386789167	26553.0
869	1386791591	1386791953	362.0
870	1386797147	1386820755	23608.0
871	1386824770	1386826185	1415.0
872	1386828385	1386829893	1508.0
873	1386875765	1386890731	14966.0
874	1386902687	1386913195	10508.0
875	1387062384	1387063524	1140.0
876	1387066443	1387069058	2615.0
877	1387078563	1387110453	31890.0
878	1387122875	1387130428	7553.0
879	1387156120	1387169065	12945.0
880	1387172485	1387178091	5606.0
881	1387178248	1387189833	11585.0
882	1387196187	1387197814	1627.0
883	1387200872	1387206250	5378.0
884	1387221631	1387229604	7973.0
885	1387251529	1387273546	22017.0
886	1387282587	1387305598	23011.0
887	1387311423	1387319324	7901.0
888	1387319431	1387386499	67068.0
889	1387388952	1387391468	2516.0
890	1387400353	1387413514	13161.0
891	1387417818	1387422236	4418.0
892	1387427187	1387442074	14887.0
893	1387452511	1387466152	13641.0
894	1387492601	1387496591	3990.0
895	1387560815	1387568085	7270.0
896	1387570892	1387611745	40853.0
897	1387618503	1387639341	20838.0
898	1387640435	1387640718	283.0
899	1387644720	1387646561	1841.0
900	1387646682	1387711986	65304.0
901	1387774189	1387790782	16593.0
902	1387859277	1387898454	39177.0
903	1387898743	1387905094	6351.0
904	1387913112	1387962170	49058.0
905	1387976336	1387976916	580.0
906	1387986886	1387987300	414.0
907	1387989528	1387992305	2777.0
908	1388005411	1388043797	38386.0
909	1388049936	1388050570	634.0
910	1388054656	1388066244	11588.0
911	1388072574	1388072686	112.0
912	1388075505	1388106406	30901.0
913	1388110687	1388128924	18237.0
914	1388185580	1388187806	2226.0
915	1388191810	1388197220	5410.0
916	1388200838	1388211595	10757.0
917	1388269029	1388271909	2880.0
918	1388275885	1388277496	1611.0
919	1388277533	1388277564	31.0
920	1388280520	1388296989	16469.0
921	1388296994	1388298571	1577.0
922	1388307508	1388347219	39711.0
923	1388361548	1388394746	33198.0
924	1388400425	1388401591	1166.0
925	1388401668	1388401980	312.0
926	1388402057	1388421205	19148.0
927	1388423479	1388423870	391.0
928	1388624869	1388631957	7088.0
929	1388645082	1388688907	43825.0
930	1388977938	1388982505	4567.0
931	1388986505	1389001749	15244.0
932	1389009845	1389074040	64195.0
933	1389079487	1389081003	1516.0
934	1389099538	1389100116	578.0
935	1389255121	1389255358	237.0
936	1389257331	1389262567	5236.0
937	1389269038	1389276449	7411.0
938	1389280675	1389293205	12530.0
939	1389293245	1389313712	20467.0
940	1389313908	1389316580	2672.0
941	1389323131	1389327248	4117.0
942	1389339759	1389355386	15627.0
943	1389362407	1389367124	4717.0
944	1389378289	1389391848	13559.0
945	1389401061	1389428351	27290.0
946	1395017138	1395018626	1488.0
947	1395034772	1395035756	984.0
948	1395035758	1395044638	8880.0
949	1395044640	1395044928	288.0
950	1395044930	1395045521	591.0
951	1395045523	1395047525	2002.0
952	1395058382	1395060608	2226.0
953	1395060610	1395061306	696.0
954	1395107959	1395112840	4881.0
955	1395116914	1395122373	5459.0
956	1395125887	1395130380	4493.0
957	1395191574	1395196592	5018.0
958	1395202459	1395211167	8708.0
959	1395211315	1395211602	287.0
960	1395211745	1395213101	1356.0
961	1395213466	1395214844	1378.0
962	1395218037	1395223074	5037.0
963	1395226030	1395234018	7988.0
964	1395239147	1395240012	865.0
965	1395316870	1395332758	15888.0
966	1395332763	1395332823	60.0
967	1395332829	1395332839	10.0
968	1395332845	1395332867	22.0
969	1395332872	1395332904	32.0
970	1395332909	1395332911	2.0
971	1395332919	1395332926	7.0
972	1395332931	1395333051	120.0
973	1395333056	1395333194	138.0
974	1395333200	1395333219	19.0
975	1395333227	1395333292	65.0
976	1395333298	1395335028	1730.0
977	1395351538	1395353273	1735.0
978	1395353278	1395353292	14.0
979	1395353344	1395353346	2.0
980	1395354272	1395357368	3096.0
981	1395357376	1395357384	8.0
982	1395357389	1395357394	5.0
983	1395357399	1395364158	6759.0
984	1395616108	1395625536	9428.0
985	1395625563	1395660923	35360.0
986	1395672734	1395672739	5.0
987	1395672741	1395672748	7.0
988	1395672750	1395675239	2489.0
989	1395675253	1395675260	7.0
990	1395675270	1395675327	57.0
991	1395704759	1395705497	738.0
992	1395705500	1395733025	27525.0
993	1395794813	1395805372	10559.0
994	1395814118	1395827714	13596.0
995	1395846579	1395846860	281.0
996	1395876049	1395876244	195.0
997	1395876247	1395876355	108.0
998	1395876357	1395876360	3.0
999	1395876362	1395879876	3514.0
1000	1395879878	1395884041	4163.0
1001	1395884418	1395916198	31780.0
1002	1395923442	1395936274	12832.0
1003	1395967434	1395984045	16611.0
1004	1395984050	1396018795	34745.0
1005	1396050039	1396080352	30313.0
1006	1396136515	1396138298	1783.0
1007	1396230766	1396239084	8318.0
1008	1396264273	1396268639	4366.0
1009	1396268823	1396277286	8463.0
1010	1396277288	1396278193	905.0
1011	1396278195	1396278392	197.0
1012	1396308203	1396308314	111.0
1013	1396308326	1396308327	1.0
1014	1396308331	1396308332	1.0
1015	1396308341	1396308354	13.0
1016	1396308362	1396308363	1.0
1017	1396308437	1396308646	209.0
1018	1396308651	1396313910	5259.0
1019	1396314863	1396347363	32500.0
1020	1396394101	1396394653	552.0
1021	1396394655	1396394965	310.0
1022	1396394967	1396397561	2594.0
1023	1396397563	1396400182	2619.0
1024	1396400186	1396400384	198.0
1025	1396400386	1396400427	41.0
1026	1396400429	1396400430	1.0
1027	1396400432	1396405306	4874.0
1028	1396405312	1396411864	6552.0
1029	1396412069	1396439849	27780.0
1030	1396445734	1396450371	4637.0
1031	1396453407	1396453507	100.0
1032	1396455750	1396463441	7691.0
1033	1396465334	1396468611	3277.0
1034	1396468616	1396493240	24624.0
1035	1396497422	1396520415	22993.0
1036	1396520629	1396522184	1555.0
1037	1396524953	1396531263	6310.0
1038	1396533966	1396547587	13621.0
1039	1396552298	1396579634	27336.0
1040	1396581517	1396623866	42349.0
1041	1396652834	1396660596	7762.0
1042	1396666732	1396667654	922.0
1043	1396667875	1396671774	3899.0
1044	1396672001	1396685744	13743.0
1045	1396689145	1396692682	3537.0
1046	1396739496	1396740528	1032.0
1047	1396740533	1396744822	4289.0
1048	1396757015	1396768570	11555.0
1049	1396784915	1396788364	3449.0
1050	1396809233	1396813495	4262.0
1051	1396817792	1396818043	251.0
1052	1396829475	1396829703	228.0
1053	1396830077	1396830227	150.0
1054	1396830802	1396830815	13.0
1055	1396832601	1396833474	873.0
1056	1396833585	1396858241	24656.0
1057	1396877059	1396877532	473.0
1058	1396911826	1396928261	16435.0
1059	1396933112	1396959130	26018.0
1060	1396959378	1396978154	18776.0
1061	1396983126	1396987625	4499.0
1062	1397001846	1397045866	44020.0
1063	1397050342	1397068240	17898.0
1064	1397070109	1397106380	36271.0
1065	1397108788	1397143405	34617.0
1066	1397148942	1397164872	15930.0
1067	1397181332	1397184187	2855.0
1068	1397184557	1397184598	41.0
1069	1397185147	1397185372	225.0
1070	1397196003	1397224000	27997.0
1071	1397232636	1397244454	11818.0
1072	1397247093	1397252216	5123.0
1073	1397252301	1397259366	7065.0
1074	1397259602	1397259623	21.0
1075	1397267320	1397268750	1430.0
1076	1397278513	1397282131	3618.0
1077	1397294946	1397305927	10981.0
1078	1397337886	1397338623	737.0
1079	1397345715	1397345985	270.0
1080	1397359602	1397370171	10569.0
1081	1397375152	1397391178	16026.0
1082	1397393551	1397396021	2470.0
1083	1397396188	1397401947	5759.0
1084	1397418961	1397424628	5667.0
1085	1397427152	1397455887	28735.0
1086	1397468964	1397470698	1734.0
1087	1397474266	1397487784	13518.0
1088	1397507668	1397523742	16074.0
1089	1397528639	1397531119	2480.0
1090	1397533305	1397537835	4530.0
1091	1397543013	1397588418	45405.0
1092	1397603752	1397645552	41800.0
1093	1397650134	1397661839	11705.0
1094	1397674274	1397676457	2183.0
1095	1397676869	1397685617	8748.0
1096	1397693411	1397714642	21231.0
1097	1397729478	1397754015	24537.0
1098	1397756141	1397756145	4.0
1099	1397756181	1397756432	251.0
1100	1397756435	1397757085	650.0
1101	1397757952	1397761468	3516.0
1102	1397768900	1397834410	65510.0
1103	1397841105	1397847089	5984.0
1104	1397856616	1397866954	10338.0
1105	1397874381	1397911845	37464.0
1106	1397972453	1397975961	3508.0
1107	1398047555	1398073186	25631.0
1108	1398114347	1398117816	3469.0
1109	1398118165	1398142682	24517.0
1110	1398142820	1398163152	20332.0
1111	1398166339	1398182520	16181.0
1112	1398198913	1398214366	15453.0
1113	1398214594	1398216317	1723.0
1114	1398223692	1398242928	19236.0
1115	1398254819	1398257622	2803.0
1116	1398257709	1398258233	524.0
1117	1398258260	1398258281	21.0
1118	1398258290	1398260498	2208.0
1119	1398294558	1398295945	1387.0
1120	1398304824	1398340931	36107.0
1121	1398345390	1398351588	6198.0
1122	1398364650	1398366836	2186.0
1123	1398371810	1398372580	770.0
1124	1398387369	1398397809	10440.0
1125	1398402919	1398407075	4156.0
1126	1398407519	1398430984	23465.0
1127	1398435699	1398453245	17546.0
1128	1398453618	1398453861	243.0
1129	1398457566	1398460802	3236.0
1130	1398463110	1398472837	9727.0
1131	1398475678	1398485079	9401.0
1132	1398486924	1398488674	1750.0
1133	1398490220	1398520939	30719.0
1134	1398552572	1398552641	69.0
1135	1398556355	1398573311	16956.0
1136	1398577263	1398604804	27541.0
1137	1398610012	1398612618	2606.0
1138	1398626809	1398629438	2629.0
1139	1398633354	1398643813	10459.0
1140	1398646270	1398661166	14896.0
1141	1398666649	1398670404	3755.0
1142	1398682603	1398700861	18258.0
1143	1398712423	1398712574	151.0
1144	1398713505	1398721794	8289.0
1145	1398727506	1398732869	5363.0
1146	1398737027	1398740964	3937.0
1147	1398745406	1398832932	87526.0
1148	1398833085	1398834427	1342.0
1149	1398834589	1398834665	76.0
1150	1398834751	1398834859	108.0
1151	1398834911	1398835259	348.0
1152	1398835791	1398870455	34664.0
1153	1398871428	1398889990	18562.0
1154	1398892685	1398897662	4977.0
1155	1398897828	1398899769	1941.0
1156	1398915048	1398917823	2775.0
1157	1398923864	1398947053	23189.0
1158	1398951090	1398955473	4383.0
1159	1398961184	1398962849	1665.0
1160	1398969721	1398970583	862.0
1161	1398983821	1398987262	3441.0
1162	1398990824	1399030497	39673.0
1163	1399036265	1399037482	1217.0
1164	1399057100	1399060837	3737.0
1165	1399083266	1399088079	4813.0
1166	1399088346	1399088896	550.0
1167	1399089153	1399090630	1477.0
1168	1399090893	1399091270	377.0
1169	1399091498	1399091892	394.0
1170	1399092150	1399092208	58.0
1171	1399093274	1399094423	1149.0
1172	1399097738	1399117225	19487.0
1173	1399156870	1399160711	3841.0
1174	1399180368	1399193164	12796.0
1175	1399208406	1399217425	9019.0
1176	1399258820	1399266062	7242.0
1177	1399269912	1399270553	641.0
1178	1399270563	1399270758	195.0
1179	1399270767	1399272676	1909.0
1180	1399272686	1399272728	42.0
1181	1399273100	1399279528	6428.0
1182	1399284312	1399285622	1310.0
1183	1399342356	1399343592	1236.0
1184	1399343602	1399345460	1858.0
1185	1399360065	1399360398	333.0
1186	1399415095	1399417109	2014.0
1187	1399417118	1399417299	181.0
1188	1399421949	1399425273	3324.0
1189	1399432444	1399456233	23789.0
1190	1399479268	1399491072	11804.0
1191	1399493022	1399517226	24204.0
1192	1399524461	1399544001	19540.0
1193	1399548936	1399549395	459.0
1194	1399559205	1399569815	10610.0
1195	1399582397	1399583599	1202.0
1196	1399592343	1399641686	49343.0
1197	1399644306	1399649876	5570.0
1198	1399654954	1399671253	16299.0
1199	1399671689	1399680226	8537.0
1200	1399715855	1399730790	14935.0
1201	1399752736	1399753270	534.0
1202	1399753427	1399753765	338.0
1203	1399766448	1399773114	6666.0
1204	1399773314	1399777986	4672.0
1205	1399778521	1399782002	3481.0
1206	1399786159	1399796541	10382.0
1207	1399796546	1399817170	20624.0
1208	1399835263	1399842622	7359.0
1209	1399845824	1399910430	64606.0
1210	1399993587	1399996825	3238.0
1211	1400025328	1400026600	1272.0
1212	1400038749	1400047142	8393.0
1213	1400047762	1400055965	8203.0
1214	1400061499	1400078456	16957.0
1215	1400102152	1400109694	7542.0
1216	1400118343	1400121461	3118.0
1217	1400197402	1400198069	667.0
1218	1400198197	1400198725	528.0
1219	1400199474	1400201886	2412.0
1220	1400205912	1400207839	1927.0
1221	1400213603	1400214924	1321.0
1222	1400215678	1400219471	3793.0
1223	1400222996	1400226060	3064.0
1224	1400228825	1400246431	17606.0
1225	1400249386	1400250011	625.0
1226	1400250014	1400252337	2323.0
1227	1400253640	1400256031	2391.0
1228	1400275178	1400285528	10350.0
1229	1400286106	1400293915	7809.0
1230	1400310590	1400335219	24629.0
1231	1400371756	1400377132	5376.0
1232	1400382049	1400399406	17357.0
1233	1400403323	1400408671	5348.0
1234	1400412161	1400422842	10681.0
1235	1400428963	1400429782	819.0
1236	1400433619	1400434773	1154.0
1237	1400435140	1400438278	3138.0
1238	1400443847	1400451577	7730.0
1239	1400452388	1400490750	38362.0
1240	1400505689	1400513417	7728.0
1241	1400527406	1400531484	4078.0
1242	1400531518	1400535107	3589.0
1243	1400563826	1400564139	313.0
1244	1400564848	1400584439	19591.0
1245	1400590847	1400598046	7199.0
1246	1400598133	1400599908	1775.0
1247	1400600478	1400601616	1138.0
1248	1400612793	1400623903	11110.0
1249	1400628049	1400631735	3686.0
1250	1400636847	1400673480	36633.0
1251	1400673553	1400673752	199.0
1252	1400673830	1400673944	114.0
1253	1400674022	1400697939	23917.0
1254	1400699867	1400712031	12164.0
1255	1400730027	1400768046	38019.0
1256	1400782951	1400785575	2624.0
1257	1400789110	1400792381	3271.0
1258	1400806212	1400924053	117841.0
1259	1400930177	1400936459	6282.0
1260	1400983835	1400983876	41.0
1261	1400984528	1400984547	19.0
1262	1400984583	1400989922	5339.0
1263	1401008141	1401020704	12563.0
1264	1401027958	1401029286	1328.0
1265	1401047641	1401049818	2177.0
1266	1401053659	1401061237	7578.0
1267	1401066888	1401086324	19436.0
1268	1401095763	1401096030	267.0
1269	1401096769	1401118219	21450.0
1270	1401151533	1401171849	20316.0
1271	1401172062	1401207582	35520.0
1272	1401222963	1401233525	10562.0
1273	1401233781	1401241798	8017.0
1274	1401247475	1401283701	36226.0
1275	1401287024	1401290191	3167.0
1276	1401290709	1401301599	10890.0
1277	1401317859	1401351275	33416.0
1278	1401355514	1401355646	132.0
1279	1401357910	1401401954	44044.0
1280	1401409698	1401411779	2081.0
1281	1401415424	1401432992	17568.0
1282	1401439698	1401463667	23969.0
1283	1401505767	1401508131	2364.0
1284	1401513594	1401544437	30843.0
1285	1401696286	1401704482	8196.0
1286	1402046551	1402069832	23281.0
1287	1402080387	1402083469	3082.0
1288	1402085981	1402086248	267.0
1289	1402088592	1402095664	7072.0
1290	1402095667	1402146090	50423.0
1291	1402200167	1402226057	25890.0
1292	1402231542	1402263286	31744.0
1293	1402270105	1402279670	9565.0
1294	1402280002	1402309949	29947.0
1295	1402310584	1402327824	17240.0
1296	1402342380	1402343310	930.0
1297	1402348089	1402351373	3284.0
1298	1402351626	1402357630	6004.0
1299	1402357665	1402377203	19538.0
1300	1402396067	1402400133	4066.0
1301	1402402667	1402420099	17432.0
1302	1402428419	1402428538	119.0
1303	1402428544	1402434455	5911.0
1304	1402436028	1402491418	55390.0
1305	1402498173	1402505802	7629.0
1306	1402511378	1402511420	42.0
1307	1402513239	1402515107	1868.0
1308	1402538217	1402538494	277.0
1309	1402539132	1402550684	11552.0
1310	1402553138	1402564740	11602.0
1311	1402571386	1402585424	14038.0
1312	1402592857	1402615379	22522.0
1313	1402616608	1402623446	6838.0
1314	1402630742	1402637319	6577.0
1315	1402641940	1402652335	10395.0
1316	1402659957	1402673465	13508.0
1317	1402686754	1402715357	28603.0
1318	1402722547	1402724065	1518.0
1319	1402728067	1402754431	26364.0
1320	1402797257	1402840055	42798.0
1321	1402859359	1402859362	3.0
1322	1402859369	1402859405	36.0
1323	1402860176	1402900734	40558.0
1324	1402907224	1402930834	23610.0
1325	1402945563	1402948957	3394.0
1326	1402949094	1402953573	4479.0
1327	1402959076	1402993014	33938.0
1328	1402997522	1403008880	11358.0
1329	1403020242	1403023054	2812.0
1330	1403027575	1403036785	9210.0
1331	1403039408	1403039447	39.0
1332	1403039837	1403054257	14420.0
1333	1403057778	1403061749	3971.0
1334	1403068780	1403068846	66.0
1335	1403075218	1403116216	40998.0
1336	1403118009	1403127385	9376.0
1337	1403135796	1403136470	674.0
1338	1403140125	1403146845	6720.0
1339	1403160828	1403175774	14946.0
1340	1403188661	1403198801	10140.0
1341	1403206231	1403218380	12149.0
1342	1403218496	1403218506	10.0
1343	1403218634	1403218681	47.0
1344	1403219603	1403226759	7156.0
1345	1403249920	1403253187	3267.0
1346	1403258503	1403266727	8224.0
1347	1403267529	1403278218	10689.0
1348	1403298287	1403305465	7178.0
1349	1403305876	1403307760	1884.0
1350	1403309845	1403355618	45773.0
1351	1403388029	1403389344	1315.0
1352	1403389354	1403401826	12472.0
1353	1403413243	1403428739	15496.0
1354	1403452039	1403453072	1033.0
1355	1403457300	1403464438	7138.0
1356	1403466347	1403467838	1491.0
1357	1403467851	1403472533	4682.0
1358	1403472715	1403474680	1965.0
1359	1403482940	1403487135	4195.0
1360	1403494130	1403498546	4416.0
1361	1403504012	1403509515	5503.0
1362	1403516745	1403535492	18747.0
1363	1403556520	1403559961	3441.0
1364	1403564694	1403588743	24049.0
1365	1403625707	1403628988	3281.0
1366	1403635399	1403647334	11935.0
1367	1403647395	1403665578	18183.0
1368	1403669687	1403674527	4840.0
1369	1403677775	1403680907	3132.0
1370	1403690188	1403696847	6659.0
1371	1403697272	1403710680	13408.0
1372	1403711185	1403715365	4180.0
1373	1403719267	1403730384	11117.0
1374	1403732091	1403740665	8574.0
1375	1403754093	1403756172	2079.0
1376	1403759643	1403762449	2806.0
1377	1403766089	1403790360	24271.0
1378	1403790714	1403820930	30216.0
1379	1403824569	1403825979	1410.0
1380	1403830696	1403857622	26926.0
1381	1403866638	1403883139	16501.0
1382	1403900253	1403907720	7467.0
1383	1403907950	1403907966	16.0
1384	1404006662	1404010435	3773.0
1385	1404031488	1404032179	691.0
1386	1404034391	1404034790	399.0
1387	1404036974	1404037277	303.0
1388	1404107808	1404108890	1082.0
1389	1404108962	1404110533	1571.0
1390	1404110584	1404124781	14197.0
1391	1404124782	1404128290	3508.0
1392	1404128292	1404128300	8.0
1393	1404128302	1404129759	1457.0
1394	1404129765	1404129790	25.0
1395	1404129791	1404129793	2.0
1396	1404129795	1404129819	24.0
1397	1404129821	1404129847	26.0
1398	1404129849	1404129864	15.0
1399	1404129866	1404129870	4.0
1400	1404129872	1404129887	15.0
1401	1404129889	1404129919	30.0
1402	1404129921	1404129928	7.0
1403	1404129929	1404129958	29.0
1404	1404129960	1404130002	42.0
1405	1404130017	1404130031	14.0
1406	1404130033	1404130079	46.0
1407	1404130081	1404130173	92.0
1408	1404130174	1404130215	41.0
1409	1404130216	1404130238	22.0
1410	1404130240	1404130288	48.0
1411	1404130289	1404130300	11.0
1412	1404130312	1404130495	183.0
1413	1404130497	1404130669	172.0
1414	1404130671	1404130673	2.0
1415	1404130675	1404131259	584.0
1416	1404131458	1404131711	253.0
1417	1404131712	1404131789	77.0
1418	1404131801	1404131811	10.0
1419	1404131813	1404131863	50.0
1420	1404131864	1404131903	39.0
1421	1404131904	1404132584	680.0
1422	1404132586	1404133039	453.0
1423	1404133044	1404133072	28.0
1424	1404133073	1404134569	1496.0
1425	1404170925	1404177594	6669.0
1426	1404177606	1404178652	1046.0
1427	1404178653	1404180790	2137.0
1428	1404180791	1404180825	34.0
1429	1404186993	1404188010	1017.0
1430	1404188011	1404188022	11.0
1431	1404188024	1404188045	21.0
1432	1404188078	1404196636	8558.0
1433	1404206446	1404211760	5314.0
1434	1404217292	1404230475	13183.0
1435	1404250238	1404251999	1761.0
1436	1404252346	1404263215	10869.0
1437	1404304565	1404308827	4262.0
1438	1404309333	1404314460	5127.0
1439	1404317369	1404318131	762.0
1440	1404318562	1404320873	2311.0
1441	1404331907	1404334892	2985.0
1442	1404337304	1404342073	4769.0
1443	1404354750	1404359854	5104.0
1444	1404360231	1404369748	9517.0
1445	1404375888	1404376967	1079.0
1446	1404377250	1404380389	3139.0
1447	1404380681	1404386573	5892.0
1448	1404386835	1404390297	3462.0
1449	1404399530	1404403295	3765.0
1450	1404403649	1404416080	12431.0
1451	1404425343	1404430955	5612.0
1452	1404431264	1404434307	3043.0
1453	1404434874	1404436101	1227.0
1454	1404436590	1404445310	8720.0
1455	1404452438	1404464331	11893.0
1456	1404464665	1404468289	3624.0
1457	1404471970	1404471976	6.0
1458	1404472974	1404472986	12.0
1459	1404473634	1404477292	3658.0
1460	1404477429	1404481089	3660.0
1461	1404481226	1404486682	5456.0
1462	1404498817	1404501166	2349.0
1463	1404504092	1404504224	132.0
1464	1404504546	1404505177	631.0
1465	1404507624	1404524784	17160.0
1466	1404529079	1404539585	10506.0
1467	1404597061	1404606569	9508.0
1468	1404607209	1404607489	280.0
1469	1404609345	1404609631	286.0
1470	1404615644	1404617841	2197.0
1471	1404623235	1404623809	574.0
1472	1404637241	1404666767	29526.0
1473	1404672170	1404694252	22082.0
1474	1404710493	1404716202	5709.0
1475	1404716439	1404745845	29406.0
1476	1404763648	1404765030	1382.0
1477	1404778432	1404779601	1169.0
1478	1404783648	1404793977	10329.0
1479	1404800640	1404801552	912.0
1480	1404804505	1404807911	3406.0
1481	1404819196	1404831611	12415.0
1482	1404835615	1404836717	1102.0
1483	1404837163	1404837229	66.0
1484	1404837302	1404837900	598.0
