1238175742.66 0.34375 0.5
1238179571.72 0.34375 0.5
1238180060.97 0.34375 0.5
1238180922.91 0.34375 0.5
1238189539.72 0.34375 0.5
1238197405.34 0.34375 0.5
1238197406.47 0.34375 0.5
1238202443.22 0.34375 0.5
1238202444.28 0.34375 0.5
1238210659.53 0.34375 0.5
1238214197.66 0.40625 0.5
1238215145.75 0.25 0.5
1238228403.72 0.34375 0.5
1238232309.56 0.4375 0.5
1238239670.38 0.625 0.5
1238251185.66 0.34375 0.5
1238308340.53 0.46875 0.5
1238337077.91 0.34375 0.5
1238340741.91 0.34375 0.5
1238343794.84 0.34375 0.5
1238344473.62 0.375 0.5
1238354022.53 0.40625 0.5
1238357142.5 0.5 0.5
1238371492.91 0.34375 0.5
1238398198.84 0.34375 0.5
1238409878.22 0.34375 0.5
1238413273.28 0.34375 0.5
1238415976.59 0.34375 0.5
1238418219.72 0.34375 0.5
1238434615.41 0.34375 0.5
1238435601.78 0.34375 0.5
1238440690.62 0.375 0.5
1238445595.22 0.40625 0.5
1238478923.03 0.40625 0.5
1238481645.72 0.34375 0.5
1238487822.22 0.34375 0.5
1238495014.59 0.34375 0.5
1238495917.16 0.34375 0.5
1238529347.41 0.34375 0.5
1238532785.28 0.34375 0.5
1238535954.53 0.34375 0.5
1238538973.75 0.25 0.5
1238543359.38 0.625 0.5
1238555465.66 0.34375 0.5
1238581838.78 0.34375 0.5
1238584977.66 0.34375 0.5
1238591839.38 0.375 0.5
1238603446.59 0.34375 0.5
1238606084.81 0.375 0.5
1238609691.09 0.34375 0.5
1238611183.78 0.34375 0.5
1238619978.69 0.3125 0.5
1238636170.62 0.375 0.5
1238643089.66 0.34375 0.5
1238660133.84 0.34375 0.5
1238667905.03 0.34375 0.5
1238669546.16 0.34375 0.5
1238687600.34 0.65625 0.5
1238726709.66 0.34375 0.5
1238735338.47 0.34375 0.5
1238736437.16 0.34375 0.5
1238774456.12 0.375 0.5
1238776460.03 0.34375 0.5
1238785200.62 0.375 0.5
1238797033.97 0.34375 0.5
1238818839.41 0.34375 0.5
1238819717.62 0.875 0.5
1238824484.28 0.34375 0.5
1238832416.75 0.375 0.5
1238851872.03 0.40625 0.5
1238854098.97 0.34375 0.5
1238858215.88 0.125 0.5
1238884171.81 0.1875 0.5
1238908661.0 0.375 0.5
1238910362.75 0.25 0.5
1238943699.75 0.25 0.5
1238973015.47 0.34375 0.5
1238976002.72 0.34375 0.5
1238976594.19 0.5625 0.5
1238989613.03 0.34375 0.5
1238999168.34 0.40625 0.5
1239003050.72 0.34375 0.5
1239017545.72 0.34375 0.5
1239032850.47 0.46875 0.5
1239034517.97 0.34375 0.5
1239039566.44 0.375 0.5
1239044613.53 0.46875 0.5
1239061989.03 0.34375 0.5
1239062161.66 0.34375 0.5
1239083009.41 0.59375 0.5
1239106305.78 0.21875 0.5
1239132676.84 0.40625 0.5
1239139172.75 0.625 0.5
1239139525.88 0.5 0.5
1239140937.44 0.5625 0.5
1239173636.03 0.34375 0.5
1239181404.91 0.34375 0.5
1239192249.03 0.34375 0.5
1239193473.53 0.34375 0.5
1239195113.91 0.40625 0.5
1239208797.34 0.59375 0.5
1239215091.78 0.34375 0.5
1239232128.44 0.5625 0.5
1239247318.38 0.375 0.5
1239251476.03 0.34375 0.5
1239253501.28 0.71875 0.5
1239263370.84 0.34375 0.5
1239263371.72 0.34375 0.5
1239280337.31 0.375 0.5
1239288929.72 0.28125 0.5
1239300670.16 0.34375 0.5
1239305699.12 0.375 0.5
1239328330.69 0.375 0.5
1239331273.97 0.34375 0.5
1239333041.72 0.34375 0.5
1239341785.5 0.5 0.5
1239360005.28 0.34375 0.5
1239368801.94 0.375 0.5
1239377000.53 0.34375 0.5
1239377732.22 0.34375 0.5
1239392946.25 0.375 0.5
1239398900.78 0.21875 0.5
1239426636.44 0.5625 0.5
1239434012.12 0.375 0.5
1239488072.66 0.34375 0.5
1239491093.41 0.59375 0.5
1239502458.44 0.5625 0.5
1239507496.66 0.34375 0.5
1239574613.97 0.34375 0.5
1239580657.38 0.5625 0.5
1239599282.53 0.46875 0.5
1239627800.34 0.34375 0.5
1239663880.91 0.34375 0.5
1239664117.81 0.375 0.5
1239669057.22 0.34375 0.5
1239671317.09 0.34375 0.5
1239672988.97 0.34375 0.5
1239682706.84 0.34375 0.5
1239684051.66 0.34375 0.5
1239688961.59 0.34375 0.5
1239709304.16 0.34375 0.5
1240105360.16 0.34375 0.5
1240141512.59 0.40625 0.5
1240152776.53 0.65625 0.5
1240156097.72 0.34375 0.5
1240161781.03 0.34375 0.5
1240164366.34 0.34375 0.5
1240214167.91 0.09375 0.5
1240241502.72 0.34375 0.5
1240249075.44 0.5625 0.5
1240263014.59 0.34375 0.5
1240263015.59 0.34375 0.5
1240268127.41 0.34375 0.5
1240270717.03 0.34375 0.5
1240273180.5 0.375 0.5
1240285046.44 0.375 0.5
1240299881.41 0.34375 0.5
1240318628.62 0.375 0.5
1240327983.56 0.625 0.5
1240331169.88 0.125 0.5
1240350077.53 0.34375 0.5
1240353691.59 0.40625 0.5
1240365500.09 0.34375 0.5
1240371091.91 0.34375 0.5
1240388048.22 0.34375 0.5
1240411102.72 0.34375 0.5
1240418200.66 0.34375 0.5
1240425613.91 0.09375 0.5
1240562621.16 0.34375 0.5
1240563158.34 0.34375 0.5
1240569367.78 0.34375 0.5
1240589331.03 0.34375 0.5
1240624411.19 0.375 0.5
1240646360.59 0.34375 0.5
1240650703.22 0.34375 0.5
1240651999.34 0.34375 0.5
1240656332.78 0.34375 0.5
1240671450.91 0.34375 0.5
1240671451.91 0.34375 0.5
1240673279.47 0.53125 0.5
1240701329.28 0.34375 0.5
1240713056.09 0.34375 0.5
1240742647.09 0.34375 0.5
1240742957.59 0.34375 0.5
1240749440.78 0.34375 0.5
1240753451.47 0.34375 0.5
1240772402.47 0.53125 0.5
1240781780.72 0.34375 0.5
1240814312.34 0.53125 0.5
1240841152.59 0.34375 0.5
1240844086.81 0.1875 0.5
1240854644.22 0.34375 0.5
1240863335.16 0.34375 0.5
1240865082.81 0.4375 0.5
1240868372.47 0.34375 0.5
1240875298.72 0.34375 0.5
1240908381.03 0.34375 0.5
1240957887.28 0.34375 0.5
1240968118.28 0.34375 0.5
1241004142.97 0.34375 0.5
1241005044.78 0.34375 0.5
1241011105.34 0.65625 0.5
1241071325.0 0.375 0.5
1241074726.47 0.53125 0.5
1241129945.62 0.4375 0.5
1241144847.06 0.5625 0.5
1241159119.34 0.34375 0.5
1241165450.53 0.34375 0.5
1241197918.84 0.34375 0.5
1241198193.41 0.34375 0.5
1241214227.91 0.09375 0.5
1241277660.88 0.125 0.5
1241305284.47 0.46875 0.5
1241310795.03 0.34375 0.5
1241319377.97 0.34375 0.5
1241334263.66 0.34375 0.5
1241376350.88 0.125 0.5
1241404929.53 0.34375 0.5
1241409507.28 0.71875 0.5
1241437603.03 0.34375 0.5
1241438459.66 0.34375 0.5
1241451821.59 0.34375 0.5
1241454566.84 0.34375 0.5
1241460529.78 0.21875 0.5
1241470420.84 0.34375 0.5
1241476135.16 0.34375 0.5
1241480038.84 0.34375 0.5
1241486269.56 0.375 0.5
1241496844.56 0.4375 0.5
1241521689.91 0.34375 0.5
1241536054.41 0.34375 0.5
1241540650.28 0.34375 0.5
1241550629.91 0.34375 0.5
1241565275.03 0.34375 0.5
1241577733.09 0.34375 0.5
1241610585.03 0.40625 0.5
1242540689.09375 0.34375 0.5
1242545276.34375 0.34375 0.5
1242553428.34375 0.34375 0.5
1242556017.34375 0.34375 0.5
1242558304.40625 0.34375 0.5
1242563413.65625 0.34375 0.5
1242583251.28125 0.34375 0.5
1242596858.15625 0.34375 0.5
1242605887.21875 0.34375 0.5
1242622066.84375 0.34375 0.5
1242624765.375 0.625 0.5
1242661872.90625 0.09375 0.5
1242674350.59375 0.40625 0.5
1242678405.375 0.5625 0.5
1242713632.78125 0.34375 0.5
1242737101.84375 0.34375 0.5
1242752530.78125 0.34375 0.5
1242756671.3125 0.375 0.5
1242764474.46875 0.34375 0.5
1242795804.71875 0.34375 0.5
1242810679.53125 0.34375 0.5
1242821264.65625 0.34375 0.5
1242822574.59375 0.34375 0.5
1242839285.96875 0.34375 0.5
1242846352.21875 0.34375 0.5
1242848351.90625 0.34375 0.5
1242856055.40625 0.34375 0.5
1242867879.46875 0.53125 0.5
1242878642.46875 0.34375 0.5
1242888307.09375 0.34375 0.5
1242892326.625 0.375 0.5
1242943368.09375 0.34375 0.5
1242949101.4375 0.5625 0.5
1242972213.53125 0.34375 0.5
1242983271.53125 0.34375 0.5
1242985966.96875 0.34375 0.5
1242986295.75 0.25 0.5
1243000081.71875 0.34375 0.5
1243002297.09375 0.34375 0.5
1243018031.78125 0.21875 0.5
1243060851.41 0.34375 0.5
1243118185.22 0.34375 0.5
1243121286.84 0.34375 0.5
1243122802.47 0.34375 0.5
1243125106.88 0.375 0.5
1243125528.53 0.34375 0.5
1243164591.53 0.34375 0.5
1243169341.78 0.34375 0.5
1243178599.81 0.1875 0.5
1243227944.09 0.34375 0.5
1243229875.16 0.34375 0.5
1243243264.56 0.4375 0.5
1243269491.53 0.40625 0.5
1243278947.66 0.34375 0.5
1243321146.56 0.4375 0.5
1243333348.03 0.34375 0.5
1243362367.88 0.125 0.5
1243398512.78 0.46875 0.5
1243432258.91 0.34375 0.5
1243440713.22 0.34375 0.5
1243441447.0 0.375 0.5
1243447663.28 0.34375 0.5
1243452723.41 0.34375 0.5
1243466728.88 0.375 0.5
1243487190.53 0.34375 0.5
1243489764.91 0.34375 0.5
1243490407.16 0.34375 0.5
1243496874.72 0.34375 0.5
1243499023.09 0.34375 0.5
1243509655.88 0.125 0.5
1243520619.94 0.375 0.5
1243521967.84 0.40625 0.5
1243530479.16 0.34375 0.5
1243530767.66 0.34375 0.5
1243551684.47 0.53125 0.5
1243576550.66 0.34375 0.5
1243578110.03 0.34375 0.5
1243582084.59 0.34375 0.5
1243585744.09 0.34375 0.5
1243590908.22 0.34375 0.5
1243602353.59 0.34375 0.5
1243613429.34 0.34375 0.5
1243614314.59 0.34375 0.5
1243628316.69 0.375 0.5
1243631380.78 0.34375 0.5
1243631765.84 0.34375 0.5
1243631915.0 0.375 0.5
1243637351.09 0.34375 0.5
1243643318.22 0.34375 0.5
1243644180.72 0.34375 0.5
1243649395.91 0.34375 0.5
1243659047.66 0.34375 0.5
1243678495.78 0.34375 0.5
1243695869.53 0.46875 0.5
1243742861.22 0.40625 0.5
1243746330.09 0.34375 0.5
1243754389.72 0.34375 0.5
1243811902.53 0.46875 0.5
1243843959.44 0.375 0.5
1243843967.78 0.53125 0.5
1243843975.97 0.34375 0.5
1243843981.94 0.375 0.5
1243843983.47 0.40625 0.5
1243843986.03 0.46875 0.5
1243843987.5 0.375 0.5
1243843989.41 0.40625 0.5
1243843991.84 0.40625 0.5
1243843993.5 0.4375 0.5
1243843995.34 0.34375 0.5
1243843997.62 0.5625 0.5
1243844000.91 0.34375 0.5
1243844003.41 0.46875 0.5
1243844005.97 0.34375 0.5
1243844007.34 0.34375 0.5
1243844008.47 0.34375 0.5
1243844009.34 0.46875 0.5
1243844011.47 0.96875 0.5
1243844013.5 0.4375 0.5
1243844016.03 0.46875 0.5
1243844017.69 0.6875 0.5
1243844019.47 0.34375 0.5
1243844020.59 0.34375 0.5
1243844021.91 0.46875 0.5
1243844023.5 0.4375 0.5
1243844025.72 0.71875 0.5
1243844027.72 0.65625 0.5
1243844031.81 0.625 0.5
1243844033.69 1.1875 0.5
1243844035.62 0.6875 0.5
1243844037.47 0.40625 0.5
1243844039.44 0.375 0.5
1243844040.94 0.375 0.5
1243844041.94 0.5 0.5
1243844043.47 0.40625 0.5
1243844044.41 0.46875 0.5
1243844046.0 0.375 0.5
1243844047.69 1.1875 0.5
1243844049.69 0.75 0.5
1243844051.47 0.90625 0.5
1243844053.47 0.46875 0.5
1243844055.72 0.71875 0.5
1243844057.5 0.875 0.5
1243844059.47 0.40625 0.5
1243844061.53 0.96875 0.5
1243844063.47 0.46875 0.5
1243844076.0 0.4375 0.5
1243844077.44 0.875 0.5
1243844079.38 0.5 0.5
1243844081.31 0.9375 0.5
1243844088.0 0.375 0.5
1243844089.41 0.46875 0.5
1243844090.47 0.34375 0.5
1243844091.91 0.46875 0.5
1243844093.53 0.46875 0.5
1243844099.59 0.65625 0.5
1243844103.66 0.65625 0.5
1243844105.75 0.6875 0.5
1243844108.5 1.4375 0.5
1243844110.91 0.34375 0.5
1243844111.94 0.5625 0.5
1243844113.44 0.375 0.5
1243844115.69 0.6875 0.5
1243844117.88 0.375 0.5
1243844119.31 0.5 0.5
1243844121.75 0.625 0.5
1243844123.44 0.375 0.5
1243844137.94 0.4375 0.5
1243844139.62 0.6875 0.5
1243844143.47 0.40625 0.5
1243844146.0 0.4375 0.5
1243844147.88 0.4375 0.5
1243844149.44 0.4375 0.5
1243844150.91 0.34375 0.5
1243844151.91 0.46875 0.5
1243844161.94 0.5 0.5
1243844163.47 0.53125 0.5
1243844165.31 1.1875 0.5
1243844167.5 0.4375 0.5
1243844169.69 0.6875 0.5
1243844171.5 1.0 0.5
1243844173.47 0.34375 0.5
1243844174.53 0.46875 0.5
1243844175.97 0.40625 0.5
1243844179.44 0.375 0.5
1243844183.44 0.375 0.5
1243844192.03 0.34375 0.5
1243844197.91 0.40625 0.5
1243844199.91 1.09375 0.5
1243851974.41 0.59375 0.5
1243865796.81 0.375 0.5
1243874005.34 0.34375 0.5
1243883508.78 0.34375 0.5
1243923412.72 0.34375 0.5
1243924146.28 0.34375 0.5
1243933109.03 0.34375 0.5
1243933597.66 0.34375 0.5
1243939262.84 0.15625 0.5
1243951533.12 0.375 0.5
1243953146.38 0.375 0.5
1243975904.53 0.46875 0.5
1243987869.91 0.34375 0.5
1244002734.53 0.34375 0.5
1244007599.5 0.375 0.5
1244042957.34 0.34375 0.5
1244059093.22 0.34375 0.5
1244076197.06 0.375 0.5
1244076206.91 0.09375 0.5
1244086238.03 0.34375 0.5
1244087559.78 0.34375 0.5
1244090945.34 0.34375 0.5
1244106790.47 0.34375 0.5
1244120426.59 0.34375 0.5
1244125087.03 0.34375 0.5
1244152000.91 0.34375 0.5
1244156480.91 0.34375 0.5
1244158759.28 0.34375 0.5
1244165760.34 0.34375 0.5
1244179621.84 0.34375 0.5
1244188351.53 0.34375 0.5
1244195155.34 0.34375 0.5
1244201753.72 0.34375 0.5
1244204071.81 0.625 0.5
1244205200.81 0.375 0.5
1244221705.44 0.5625 0.5
1244292023.66 0.34375 0.5
1244323709.41 0.40625 0.5
1244325163.41 0.59375 0.5
1244363050.09 0.34375 0.5
1244365361.41 0.34375 0.5
1244373146.81 0.375 0.5
1244377862.34 0.34375 0.5
1244380890.84 0.15625 0.5
1244414915.47 0.34375 0.5
1244417357.03 0.34375 0.5
1244419547.09 0.34375 0.5
1244476835.16 0.34375 0.5
1244477943.41 0.34375 0.5
1244481303.72 0.34375 0.5
1244492789.03 0.34375 0.5
1244496667.88 0.375 0.5
1244535269.03 0.34375 0.5
1244539737.47 0.34375 0.5
1244542525.59 0.34375 0.5
1244543353.78 0.34375 0.5
1244549813.59 0.34375 0.5
1244568733.12 0.375 0.5
1244568749.34 0.46875 0.5
1244595007.41 0.34375 0.5
1244610481.47 0.34375 0.5
1244624672.78 0.34375 0.5
1244635349.97 0.34375 0.5
1244640852.47 0.34375 0.5
1244649228.91 0.34375 0.5
1244672236.53 0.46875 0.5
1244700349.66 0.34375 0.5
1244736809.66 0.34375 0.5
1244744746.84 0.34375 0.5
1244757115.59 0.40625 0.5
1244765807.66 0.34375 0.5
1244766568.09 0.34375 0.5
1244768048.53 0.34375 0.5
1244770185.34 0.34375 0.5
1244787163.72 0.34375 0.5
1244789338.34 0.34375 0.5
1244789623.44 0.5625 0.5
1244817932.91 0.34375 0.5
1244824913.34 0.46875 0.5
1244830686.91 0.34375 0.5
1244843724.16 0.34375 0.5
1244888715.59 0.34375 0.5
1244900044.75 0.25 0.5
1244930952.53 0.46875 0.5
1244946999.47 0.34375 0.5
1244948184.84 0.34375 0.5
1244954955.22 0.34375 0.5
1244958211.41 0.59375 0.5
1245000700.53 0.46875 0.5
1245019007.53 0.46875 0.5
1245060094.97 0.34375 0.5
1245082611.41 0.40625 0.5
1245085596.44 0.5625 0.5
1245103510.22 0.34375 0.5
1245106903.97 0.34375 0.5
1245111020.69 0.375 0.5
1245113981.72 0.28125 0.5
1245130664.03 0.34375 0.5
1245131675.84 0.34375 0.5
1245141792.28 0.34375 0.5
1245144306.5 0.5 0.5
1245166887.59 0.34375 0.5
1245190843.72 0.34375 0.5
1245194320.94 0.375 0.5
1245197171.44 0.375 0.5
1245200095.84 0.34375 0.5
1245226889.59 0.53125 0.5
1245234895.0 0.375 0.5
1245237529.28 0.34375 0.5
1245242927.53 0.46875 0.5
1245254046.66 0.34375 0.5
1245272287.78 0.34375 0.5
1245276735.09 0.34375 0.5
1245279483.22 0.40625 0.5
1245288931.16 0.34375 0.5
1245292561.09 0.34375 0.5
1245297328.53 0.46875 0.5
1245332237.53 0.34375 0.5
1245339493.59 0.34375 0.5
1245340556.84 0.34375 0.5
1245351876.91 0.34375 0.5
1245352440.16 0.34375 0.5
1245356350.72 0.34375 0.5
1245358856.09 0.34375 0.5
1245367940.69 0.3125 0.5
1245408628.03 0.34375 0.5
1245409198.97 0.59375 0.5
1245411691.0 0.375 0.5
1245412801.22 0.34375 0.5
1245427624.94 0.375 0.5
1245440319.34 0.34375 0.5
1245443230.53 0.34375 0.5
1245451292.66 0.34375 0.5
1245459993.69 0.375 0.5
1245464001.47 0.34375 0.5
1245464002.22 0.34375 0.5
1245468296.47 0.34375 0.5
1245468779.41 0.34375 0.5
1245469616.03 0.34375 0.5
1245484260.47 0.34375 0.5
1245489281.56 0.4375 0.5
1245505149.16 0.34375 0.5
1245512909.75 0.25 0.5
1245551371.81 0.1875 0.5
1245571148.09 0.34375 0.5
1245583630.22 0.34375 0.5
1245590286.97 0.34375 0.5
1245591467.84 0.40625 0.5
1245603512.78 0.34375 0.5
1245604204.41 0.34375 0.5
1245608283.53 0.34375 0.5
1245612335.91 0.09375 0.5
1245629343.72 0.34375 0.5
1245633580.72 0.28125 0.5
1245649285.47 0.34375 0.5
1245650212.62 0.375 0.5
1245670532.53 0.34375 0.5
1245708631.69 0.3125 0.5
1245726886.56 0.4375 0.5
1245744323.75 0.375 0.5
1245747255.09 0.34375 0.5
1245760803.91 0.34375 0.5
1245768919.03 0.34375 0.5
1245774090.84 0.34375 0.5
1245805228.62 0.375 0.5
1245808248.72 0.28125 0.5
1245830143.59 0.34375 0.5
1245843355.22 0.59375 0.5
1245849885.03 0.34375 0.5
1245859843.03 0.40625 0.5
1245870889.66 0.34375 0.5
1245882124.03 0.34375 0.5
1245892476.78 0.34375 0.5
1245913068.16 0.34375 0.5
1245934826.59 0.34375 0.5
1245944382.88 0.375 0.5
1245948364.88 0.125 0.5
1245968795.91 0.34375 0.5
1245978190.0 0.5 0.5
1245994935.38 0.4375 0.5
1246002336.53 0.34375 0.5
1246016867.34 0.34375 0.5
1246018565.09 0.34375 0.5
1246024603.12 0.375 0.5
1246026464.16 0.34375 0.5
1246040077.28 0.34375 0.5
1246040118.69 0.3125 0.5
1246045451.34 0.34375 0.5
1246057435.41 0.46875 0.5
1246057889.88 0.375 0.5
1246057900.75 0.25 0.5
1246069249.81 0.1875 0.5
1246079486.28 0.34375 0.5
1246087303.66 0.34375 0.5
1246095906.28 0.34375 0.5
1246115901.53 0.46875 0.5
1246164820.5 0.5 0.5
1246177560.84 0.34375 0.5
1246178202.03 0.40625 0.5
1246200899.59 0.40625 0.5
1246211326.22 0.34375 0.5
1246220008.22 0.34375 0.5
1246249995.44 0.5625 0.5
1246275822.03 0.34375 0.5
1246292994.53 0.34375 0.5
1246297014.78 0.21875 0.5
1246311143.47 0.34375 0.5
1246316285.5 0.5 0.5
1246337523.91 0.34375 0.5
1246344952.69 0.375 0.5
1246345603.66 0.34375 0.5
1246360452.5 0.5 0.5
1246366648.38 0.5625 0.5
1246397215.78 0.34375 0.5
1246404870.34 0.40625 0.5
1246416667.34 0.34375 0.5
1246418574.84 0.15625 0.5
1246452643.84 0.34375 0.5
1246471438.53 0.34375 0.5
1246475032.78 0.34375 0.5
1246489418.84 0.34375 0.5
1246497095.97 0.34375 0.5
1246524691.78 0.34375 0.5
1246530979.97 0.34375 0.5
1246544331.19 0.375 0.5
1246550000.41 0.59375 0.5
1246566406.84 0.34375 0.5
1246574162.91 0.34375 0.5
1246578269.84 0.34375 0.5
1246590461.59 0.34375 0.5
1246600868.78 0.34375 0.5
1246604103.66 0.34375 0.5
1246611680.03 0.34375 0.5
1246612637.34 0.34375 0.5
1246651475.97 0.34375 0.5
1246654545.38 0.375 0.5
1246659654.78 0.21875 0.5
1246684148.28 0.34375 0.5
1246687927.22 0.34375 0.5
1246707066.03 0.34375 0.5
1246718228.72 0.34375 0.5
1246721555.78 0.34375 0.5
1246723142.62 0.375 0.5
1246744073.62 0.375 0.5
1246773740.97 0.34375 0.5
1246783932.16 0.34375 0.5
1246789674.41 0.34375 0.5
1246797912.28 0.34375 0.5
1246802664.28 0.34375 0.5
1246804605.03 0.34375 0.5
1246821017.91 0.34375 0.5
1246821379.53 0.34375 0.5
1246837451.88 0.375 0.5
1246844717.47 0.34375 0.5
1246846155.53 0.34375 0.5
1246850864.34 0.34375 0.5
1246857168.12 0.375 0.5
1246858982.09 0.34375 0.5
1246864794.59 0.34375 0.5
1246874986.91 0.34375 0.5
1246875618.5 0.5 0.5
1246879916.53 0.65625 0.5
1246903311.03 0.34375 0.5
1246906697.41 0.34375 0.5
1246911631.03 0.34375 0.5
1246921118.84 0.34375 0.5
1246927553.22 0.34375 0.5
1246930880.38 0.375 0.5
1246932793.78 0.34375 0.5
1246936148.59 0.34375 0.5
1246940092.31 0.375 0.5
1246942429.03 0.34375 0.5
1246944556.34 0.59375 0.5
1246956542.84 0.34375 0.5
1246960365.56 0.4375 0.5
1246982786.66 0.34375 0.5
1246997178.06 0.375 0.5
1247000515.97 0.40625 0.5
1247015901.78 0.34375 0.5
1247025119.91 0.34375 0.5
1247036492.84 0.34375 0.5
1247036506.5 0.4375 0.5
1247044086.97 0.34375 0.5
1247052481.53 0.34375 0.5
1247080240.78 0.34375 0.5
1247090617.22 0.34375 0.5
1247110391.97 0.34375 0.5
1247124261.91 0.34375 0.5
1247150543.72 0.34375 0.5
1247157890.34 0.34375 0.5
1247191121.28 0.34375 0.5
1247194633.34 0.34375 0.5
1247208192.03 0.34375 0.5
1247220532.91 0.34375 0.5
1247231555.53 0.46875 0.5
1247231566.66 0.34375 0.5
1247238627.72 0.28125 0.5
1247245117.03 0.34375 0.5
1247246079.28 0.34375 0.5
1247249730.72 0.71875 0.5
1247254197.62 0.375 0.5
1247259186.78 0.34375 0.5
1247260903.59 0.34375 0.5
1247263060.59 0.34375 0.5
1247268425.12 0.375 0.5
1247271014.03 0.34375 0.5
1247277029.06 0.375 0.5
1247283854.78 0.34375 0.5
1247289042.69 0.3125 0.5
1247303870.09 0.34375 0.5
1247309480.34 0.34375 0.5
1247319041.09 0.53125 0.5
1247319298.22 0.34375 0.5
1247324878.47 0.34375 0.5
1247326304.5 0.5 0.5
1247352236.44 0.5625 0.5
1247371433.0 0.375 0.5
1247374389.22 0.34375 0.5
1247379053.72 0.34375 0.5
1247380418.59 0.34375 0.5
1247382661.53 0.40625 0.5
1247382674.94 0.0625 0.5
1247393042.66 0.34375 0.5
1247394944.72 0.34375 0.5
1247411044.47 0.53125 0.5
1247433870.72 0.34375 0.5
1247450172.97 0.34375 0.5
1247452039.16 0.34375 0.5
1247487596.91 0.34375 0.5
1247488190.91 0.53125 0.5
1247488209.62 0.375 0.5
1247499072.09 0.34375 0.5
1247505928.56 0.4375 0.5
1247523504.09 0.53125 0.5
1247531449.28 0.71875 0.5
1247544481.28 0.34375 0.5
1247545257.28 0.34375 0.5
1247545420.97 0.34375 0.5
1247556267.47 0.46875 0.5
1247563538.16 0.34375 0.5
1247588245.03 0.34375 0.5
1247590033.66 0.46875 0.5
1247592579.97 0.34375 0.5
1247609937.66 0.34375 0.5
1247648005.81 0.375 0.5
1247653632.97 0.34375 0.5
1247653957.53 0.46875 0.5
1247664208.44 0.375 0.5
1247666252.97 0.34375 0.5
1247677293.22 0.40625 0.5
1247679893.78 0.34375 0.5
1247682298.47 0.34375 0.5
1247708272.28 0.34375 0.5
1247716271.81 0.375 0.5
1247733071.03 0.34375 0.5
1247746447.88 0.4375 0.5
1247748869.41 0.40625 0.5
1247753191.06 0.375 0.5
1247755991.78 0.34375 0.5
1247758731.62 0.375 0.5
1247772446.34 0.34375 0.5
1247772919.47 0.34375 0.5
1247775538.44 0.375 0.5
1247789520.53 0.46875 0.5
1247820053.16 0.46875 0.5
1247821520.47 0.34375 0.5
1247822329.59 0.34375 0.5
1247828888.47 0.34375 0.5
1247895458.12 0.375 0.5
1247895470.5 0.4375 0.5
1247915657.16 0.34375 0.5
1247917163.81 0.1875 0.5
1247929263.81 0.1875 0.5
1247970126.34 0.65625 0.5
1247975794.78 0.21875 0.5
1248112423.41 0.34375 0.5
1248121383.94 0.375 0.5
1248121396.88 0.125 0.5
1248137255.44 0.375 0.5
1248141467.91 0.34375 0.5
1248151494.91 0.34375 0.5
1248161334.81 0.375 0.5
1248165759.59 0.34375 0.5
1248166476.56 0.4375 0.5
1248187337.16 0.34375 0.5
1248188277.34 0.34375 0.5
1248190590.66 0.34375 0.5
1248207817.88 0.5 0.5
1248222437.84 0.15625 0.5
1248235938.78 0.34375 0.5
1248251012.72 0.34375 0.5
1248259691.94 0.375 0.5
1248260005.34 0.34375 0.5
1248293663.62 0.375 0.5
1248303453.78 0.34375 0.5
1248316230.78 0.34375 0.5
1248316284.25 0.375 0.5
1248316285.59 0.34375 0.5
1248316298.91 0.09375 0.5
1248340072.78 0.34375 0.5
1248347134.19 0.375 0.5
1248347148.72 0.28125 0.5
1248368551.88 0.5 0.5
1248370969.66 0.34375 0.5
1248385568.91 0.34375 0.5
1248402954.66 0.34375 0.5
1248403791.91 0.34375 0.5
1248428217.72 0.28125 0.5
1248438883.84 0.34375 0.5
1248441321.88 0.375 0.5
1248448294.72 0.34375 0.5
1248453421.16 0.34375 0.5
1248455994.78 0.21875 0.5
1248465662.34 0.34375 0.5
1248469309.72 0.28125 0.5
1248476080.66 0.34375 0.5
1248476384.53 0.34375 0.5
1248491905.06 0.375 0.5
1248500423.59 0.40625 0.5
1248508596.97 0.34375 0.5
1248525606.44 0.375 0.5
1248528374.72 0.34375 0.5
1248539106.66 0.34375 0.5
1248539117.47 0.53125 0.5
1248565675.44 0.5625 0.5
1248600940.78 0.34375 0.5
1248609553.03 0.34375 0.5
1248611702.12 0.375 0.5
1248611703.34 0.34375 0.5
1248617919.22 0.34375 0.5
1248620214.66 0.34375 0.5
1248621978.66 0.34375 0.5
1248690589.41 0.34375 0.5
1248710618.62 0.375 0.5
1248711430.41 0.34375 0.5
1248720750.91 0.09375 0.5
1248755458.03 0.34375 0.5
1248757036.12 0.4375 0.5
1248763639.22 0.34375 0.5
1248775740.34 0.34375 0.5
1248775750.81 0.1875 0.5
1248801662.41 0.34375 0.5
1248815138.84 0.34375 0.5
1248843170.28 0.34375 0.5
1248847081.34 0.34375 0.5
1248849149.16 0.34375 0.5
1248868675.91 0.09375 0.5
1248923907.66 0.34375 0.5
1248929002.09 0.34375 0.5
1248939055.62 0.375 0.5
1248945197.69 0.6875 0.5
1248950085.62 0.375 0.5
1248963290.72 0.34375 0.5
1248971097.16 0.34375 0.5
1248974716.66 0.34375 0.5
1248979956.16 0.34375 0.5
1248982940.34 0.34375 0.5
1248984317.78 0.34375 0.5
1248992100.12 0.375 0.5
1248999130.78 0.34375 0.5
1249003945.91 0.34375 0.5
1249020718.03 0.34375 0.5
1249025153.91 0.34375 0.5
1249026116.84 0.34375 0.5
1249035635.25 0.375 0.5
1249066465.72 0.34375 0.5
1249099829.09 0.34375 0.5
1249101029.88 0.125 0.5
1249138295.44 0.375 0.5
1249168103.53 0.34375 0.5
1249182582.16 0.34375 0.5
1249184508.81 0.375 0.5
1249184527.69 0.3125 0.5
1249201427.66 0.34375 0.5
1249205578.16 0.34375 0.5
1249214379.31 0.4375 0.5
1249215325.59 0.46875 0.5
1249216905.97 0.34375 0.5
1249240043.88 0.4375 0.5
1249242613.69 0.3125 0.5
1249251819.62 0.375 0.5
1249268308.44 0.375 0.5
1249273147.38 0.375 0.5
1249290509.88 0.125 0.5
1249320194.09 0.34375 0.5
1249342341.97 0.34375 0.5
1249346819.12 0.5625 0.5
1249351511.53 0.34375 0.5
1249443287.34 0.34375 0.5
1249444427.72 0.34375 0.5
1249444976.5 0.5625 0.5
1249449544.78 0.34375 0.5
1249470922.84 0.34375 0.5
1249486297.97 0.46875 0.5
1249525890.09 0.34375 0.5
1249529444.5 0.5 0.5
1249545930.66 0.34375 0.5
1249560217.28 0.34375 0.5
1249572009.47 0.34375 0.5
1249583915.41 0.34375 0.5
1249595044.09 0.34375 0.5
1249623656.03 0.34375 0.5
1249663674.97 0.34375 0.5
1249665635.47 0.34375 0.5
1249669165.34 0.34375 0.5
1249669689.16 0.34375 0.5
1249679799.78 0.34375 0.5
1249703428.62 0.375 0.5
1249724617.69 0.375 0.5
1249744680.66 0.34375 0.5
1249800035.78 0.34375 0.5
1249838886.97 0.34375 0.5
1249842718.25 0.375 0.5
1249854690.5 0.5 0.5
1249872958.96875 0.34375 0.5
1249881721.59375 0.40625 0.5
1250020747.65625 0.34375 0.5
1250034677.09375 0.34375 0.5
1250040706.09375 0.34375 0.5
1250040888.09375 0.34375 0.5
1250057294.53125 0.34375 0.5
1250059192.71875 0.65625 0.5
1250064027.28125 0.34375 0.5
1250067800.03125 0.34375 0.5
1250069561.09375 0.34375 0.5
1250070796.71875 0.34375 0.5
1250073280.21875 0.34375 0.5
1250074680.40625 0.34375 0.5
1250102571.15625 0.34375 0.5
1250119118.78125 0.34375 0.5
1250125356.46875 0.53125 0.5
1250154603.375 0.375 0.5
1250175227.90625 0.34375 0.5
1250181866.90625 0.34375 0.5
1250187414.40625 0.40625 0.5
1250188784.8125 0.1875 0.5
1250198527.09375 0.34375 0.5
1250213629.78125 0.34375 0.5
1250219080.53125 0.40625 0.5
1250219090.40625 0.46875 0.5
1250230911.09375 0.34375 0.5
1250269404.875 0.375 0.5
1250279755.15625 0.34375 0.5
1250313662.65625 0.34375 0.5
1250319617.25 0.375 0.5
1250330910.84375 0.34375 0.5
1250331487.90625 0.34375 0.5
1250334381.84375 0.34375 0.5
1250348787.4375 0.5625 0.5
1250348796.5625 0.4375 0.5
1250407417.8125 0.5 0.5
1250407426.8125 0.1875 0.5
1250424063.03125 0.34375 0.5
1250438384.84375 0.34375 0.5
1250447956.0625 0.375 0.5
1250452445.78125 0.34375 0.5
1250479089.65625 0.34375 0.5
1250481503.84375 0.34375 0.5
1250493079.4375 0.375 0.5
1250497596.03125 0.34375 0.5
1250505250.21875 0.34375 0.5
1250507065.71875 0.34375 0.5
1250512372.84375 0.34375 0.5
1250522132.09375 0.34375 0.5
1250522225.65625 0.34375 0.5
1250523300.53125 0.34375 0.5
1250527685.6875 0.3125 0.5
1250540015.21875 0.34375 0.5
1250542589.46875 0.53125 0.5
1250562983.65625 0.34375 0.5
1250570923.40625 0.34375 0.5
1250571334.65625 0.34375 0.5
1250589829.84375 0.34375 0.5
1250598889.53125 0.34375 0.5
1250618773.96875 0.34375 0.5
1250628518.6875 0.3125 0.5
1250643049.71875 0.34375 0.5
1250661449.03125 0.34375 0.5
1250665277.8125 0.4375 0.5
1250665604.5625 0.375 0.5
1250665618.65625 0.34375 0.5
1250679848.09375 0.34375 0.5
1250680267.125 0.375 0.5
1250693387.8125 0.375 0.5
1250702155.03125 0.34375 0.5
1250708799.65625 0.34375 0.5
1250727570.84375 0.53125 0.5
1250733716.28125 0.34375 0.5
1250735499.3125 0.375 0.5
1250736213.78125 0.21875 0.5
1250748097.78125 0.34375 0.5
1250752281.21875 0.34375 0.5
1250779917.40625 0.34375 0.5
1250790003.6875 0.3125 0.5
1250803596.84375 0.34375 0.5
1250803929.59375 0.34375 0.5
1250811450.40625 0.34375 0.5
1250824963.53125 0.34375 0.5
1250841879.90625 0.34375 0.5
1250848652.21875 0.34375 0.5
1250872922.96875 0.34375 0.5
1250875958.03125 0.34375 0.5
1250895631.40625 0.34375 0.5
1250900213.3125 0.375 0.5
1250907329.375 0.375 0.5
1250907342.28125 0.40625 0.5
1250918941.875 0.375 0.5
1250919839.65625 0.34375 0.5
1250920056.96875 0.46875 0.5
1250943164.46875 0.34375 0.5
1250951950.5 0.5 0.5
1250982166.15625 0.34375 0.5
1251006164.96875 0.34375 0.5
1251021789.28125 0.34375 0.5
1251043578.65625 0.34375 0.5
1251073747.53125 0.34375 0.5
1251105210.5625 0.4375 0.5
1251113075.34375 0.34375 0.5
1251120301.53125 0.34375 0.5
1251122888.40625 0.34375 0.5
1251124257.90625 0.34375 0.5
1251126597.5625 0.4375 0.5
1251182439.28125 0.34375 0.5
1251182440.28125 0.34375 0.5
1251190091.40625 0.34375 0.5
1251238785.03125 0.34375 0.5
1251244111.78125 0.34375 0.5
1251250909.5625 0.375 0.5
1251276306.5 0.5 0.5
1251318133.8125 0.375 0.5
1251318988.03125 0.34375 0.5
1251324695.96875 0.34375 0.5
1251334475.53125 0.34375 0.5
1251342184.40625 0.34375 0.5
1251358042.28125 0.34375 0.5
1251368852.96875 0.34375 0.5
1251375247.90625 0.34375 0.5
1251375262.78125 0.21875 0.5
1251388103.96875 0.34375 0.5
1251389770.59375 0.40625 0.5
1251404363.6875 0.3125 0.5
1251425889.96875 0.34375 0.5
1251429550.34375 0.34375 0.5
1251429561.84375 0.15625 0.5
1251448844.03125 0.34375 0.5
1251459426.34375 0.34375 0.5
1251463930.09375 0.34375 0.5
1251465023.9375 0.375 0.5
1251465034.5 0.5 0.5
1251481650.09375 0.34375 0.5
1251510778.65625 0.34375 0.5
1251510795.75 0.25 0.5
1251535311.09375 0.34375 0.5
1251539015.28125 0.34375 0.5
1251541079.375 0.625 0.5
1251554612.71875 0.34375 0.5
1251561638.5 0.5 0.5
1251589244.71875 0.34375 0.5
1251597773.40625 0.34375 0.5
1251605032.28125 0.34375 0.5
1251611897.96875 0.34375 0.5
1251618397.53125 0.34375 0.5
1251628512.9375 0.375 0.5
1251632078.84375 0.34375 0.5
1251635331.6875 0.3125 0.5
1251678205.28125 0.34375 0.5
1251680273.96875 0.34375 0.5
1251683288.65625 0.34375 0.5
1251688758.78125 0.34375 0.5
1251692925.40625 0.34375 0.5
1251693858.90625 0.34375 0.5
1251699750.96875 0.34375 0.5
1251710175.40625 0.34375 0.5
1251721624.90625 0.34375 0.5
1251731140.6875 0.3125 0.5
1251753902.5 0.375 0.5
1251772351.96875 0.34375 0.5
1251781170.15625 0.34375 0.5
1251804546.21875 0.65625 0.5
1251804563.8125 0.1875 0.5
1251856771.5625 0.375 0.5
1251866456.71875 0.34375 0.5
1251871909.84375 0.34375 0.5
1251879692.21875 0.34375 0.5
1251882277.71875 0.34375 0.5
1251894454.3125 0.375 0.5
1251895859.15625 0.34375 0.5
1251900986.65625 0.34375 0.5
1251907870.0 0.375 0.5
1251907871.40625 0.34375 0.5
1251907881.8125 0.1875 0.5
1251923002.46875 0.34375 0.5
1251924367.46875 0.34375 0.5
1251927530.40625 0.34375 0.5
1251931888.34375 0.34375 0.5
1251956415.09375 0.34375 0.5
1251963833.59375 0.40625 0.5
1251977508.09375 0.34375 0.5
1252004410.53125 0.34375 0.5
1252020539.96875 0.34375 0.5
1252036924.28125 0.34375 0.5
1252038024.9375 0.375 0.5
1252038034.625 0.375 0.5
1252053031.28125 0.34375 0.5
1252053908.15625 0.34375 0.5
1252056953.125 0.375 0.5
1252059180.6875 0.5625 0.5
1252060234.53125 0.34375 0.5
1252073515.5625 0.375 0.5
1252075400.0625 0.375 0.5
1252078236.59375 0.34375 0.5
1252088729.46875 0.34375 0.5
1252122259.65625 0.34375 0.5
1252125527.6875 0.375 0.5
1252125564.40625 0.53125 0.5
1252167369.71875 0.28125 0.5
1252211575.5625 0.4375 0.5
1252224420.40625 0.59375 0.5
1252274396.21875 0.34375 0.5
1252289421.96875 0.34375 0.5
1252289439.75 0.25 0.5
1252322172.5625 0.375 0.5
1252329787.15625 0.34375 0.5
1252337629.15625 0.34375 0.5
1252343023.0625 0.375 0.5
1252384985.40625 0.34375 0.5
1252392541.1875 0.375 0.5
1252395215.46875 0.34375 0.5
1252411956.5625 0.4375 0.5
1252427675.28125 0.34375 0.5
1252437243.65625 0.34375 0.5
1252438151.75 0.375 0.5
1252443469.71875 0.28125 0.5
1252471738.46875 0.34375 0.5
1252483551.78125 0.40625 0.5
1252489163.1875 0.375 0.5
1252498886.34375 0.34375 0.5
1252501401.15625 0.34375 0.5
1252514281.03125 0.34375 0.5
1252538800.84375 0.34375 0.5
1252554278.21875 0.34375 0.5
1252556456.09375 0.34375 0.5
1252556457.40625 0.59375 0.5
1252575424.78125 0.34375 0.5
1252588225.09375 0.34375 0.5
1252597500.96875 0.34375 0.5
1252597987.21875 0.34375 0.5
1252601625.78125 0.34375 0.5
1252602602.46875 0.34375 0.5
1252603394.625 0.375 0.5
1252622737.40625 0.34375 0.5
1252631553.03125 0.34375 0.5
1252655481.21875 0.34375 0.5
1252660460.8125 0.1875 0.5
1252676807.59375 0.34375 0.5
1252685919.15625 0.34375 0.5
1252720398.84375 0.34375 0.5
1252720729.8125 0.375 0.5
1252731138.34375 0.34375 0.5
1252733853.40625 0.59375 0.5
1252742258.875 0.375 0.5
1252765743.375 0.5625 0.5
1252802433.65625 0.34375 0.5
1252802448.8125 0.375 0.5
1252802449.71875 0.28125 0.5
1252816068.40625 0.53125 0.5
1252835731.03125 0.34375 0.5
1252858912.6875 0.3125 0.5
1252877200.71875 0.34375 0.5
1252878963.15625 0.34375 0.5
1252884716.71875 0.34375 0.5
1252890511.46875 0.53125 0.5
1252909885.28125 0.34375 0.5
1252923406.71875 0.34375 0.5
1256153066.78125 0.34375 0.5
1256156606.75 0.25 0.5
1256179016.8125 0.1875 0.5
1256184090.40625 0.59375 0.5
1256184109.65625 0.34375 0.5
1256186575.46875 0.34375 0.5
1256200715.59375 0.34375 0.5
1256219169.25 0.4375 0.5
1256333419.78125 0.21875 0.5
1256377347.84375 0.34375 0.5
1256394757.3125 0.4375 0.5
1256395161.5 0.5 0.5
1256446965.78125 0.34375 0.5
1256449348.40625 0.59375 0.5
1256458623.40625 0.59375 0.5
1256483552.71875 0.28125 0.5
1256491340.15625 0.34375 0.5
1256500421.53125 0.34375 0.5
1256620262.59375 0.34375 0.5
1256624660.53125 0.34375 0.5
1256626312.09375 0.34375 0.5
1256631448.5625 0.4375 0.5
1256651035.78125 0.34375 0.5
1256682740.46875 0.34375 0.5
1256705163.46875 0.53125 0.5
1256718235.5625 0.375 0.5
1256735009.125 0.375 0.5
1256737252.03125 0.34375 0.5
1256755877.09375 0.34375 0.5
1256761506.28125 0.34375 0.5
1256767716.78125 0.34375 0.5
1256773932.75 0.375 0.5
1256790504.1875 0.625 0.5
1256798516.71875 0.34375 0.5
1256805368.59375 0.34375 0.5
1256832749.78125 0.34375 0.5
1256833552.4375 0.375 0.5
1256872300.53125 0.34375 0.5
1256878802.34375 0.34375 0.5
1256882708.96875 0.34375 0.5
1256885482.90625 0.34375 0.5
1256889355.40625 0.34375 0.5
1256900644.5625 0.375 0.5
1256915961.84375 0.34375 0.5
1256917333.03125 0.34375 0.5
1256926546.84375 0.34375 0.5
1256963140.03125 0.34375 0.5
1256965577.96875 0.34375 0.5
1257043784.3125 0.375 0.5
1257054118.46875 0.34375 0.5
1257054964.34375 0.34375 0.5
1257061553.65625 0.34375 0.5
1257064721.09375 0.34375 0.5
1257068126.21875 0.34375 0.5
1257080996.59375 0.65625 0.5
1257088254.96875 0.34375 0.5
1257089465.96875 0.34375 0.5
1257099942.90625 0.34375 0.5
1257123577.59375 0.34375 0.5
1257129374.90625 0.34375 0.5
1257134222.84375 0.46875 0.5
1257136983.03125 0.34375 0.5
1257148352.96875 0.34375 0.5
1257157100.53125 0.34375 0.5
1257167311.59375 0.34375 0.5
1257168824.65625 0.34375 0.5
1257184447.46875 0.40625 0.5
1257185390.375 0.625 0.5
1257205613.84375 0.34375 0.5
1257208615.71875 0.34375 0.5
1257218930.53125 0.34375 0.5
1257246408.65625 0.34375 0.5
1257268942.15625 0.34375 0.5
1257278504.0625 0.375 0.5
1257299967.21875 0.34375 0.5
1257300569.9375 0.375 0.5
1257307361.15625 0.34375 0.5
1257321504.40625 0.59375 0.5
1257335920.40625 0.34375 0.5
1257339272.21875 0.34375 0.5
1257340475.59375 0.34375 0.5
1257352105.53125 0.34375 0.5
1257354340.84375 0.34375 0.5
1257358600.71875 0.34375 0.5
1257367959.65625 0.34375 0.5
1257374458.03125 0.34375 0.5
1257380445.15625 0.34375 0.5
1257380931.78125 0.21875 0.5
1257398734.09375 0.34375 0.5
1257405986.65625 0.34375 0.5
1257421389.21875 0.34375 0.5
1257448909.46875 0.53125 0.5
1257468142.90625 0.40625 0.5
1257477896.71875 0.34375 0.5
1257478000.21875 0.34375 0.5
1257481709.40625 0.34375 0.5
1257481735.96875 0.34375 0.5
1257521844.15625 0.34375 0.5
1257530124.0 0.375 0.5
1257553014.28125 0.34375 0.5
1257559842.78125 0.34375 0.5
1257566112.53125 0.34375 0.5
1257579023.46875 0.34375 0.5
1257591135.09375 0.34375 0.5
1257598238.28125 0.34375 0.5
1257605027.34375 0.34375 0.5
1257609411.78125 0.21875 0.5
1257634422.59375 0.34375 0.5
1257636599.53125 0.46875 0.5
1257648631.78125 0.34375 0.5
1257654612.78125 0.34375 0.5
1257680668.40625 0.40625 0.5
1257698807.8125 0.1875 0.5
1257736591.96875 0.34375 0.5
1257751243.875 0.375 0.5
1257757411.75 0.25 0.5
1257783316.28125 0.34375 0.5
1257784674.4375 0.5625 0.5
1257802453.59375 0.40625 0.5
1257821265.40625 0.34375 0.5
1257829052.96875 0.34375 0.5
1257834641.40625 0.59375 0.5
1257859573.15625 0.34375 0.5
1257859574.03125 0.34375 0.5
1257873409.5625 0.4375 0.5
1257881428.03125 0.34375 0.5
1257882717.75 0.25 0.5
1257902695.625 0.375 0.5
1257902856.40625 0.34375 0.5
1257915396.15625 0.34375 0.5
1257924808.46875 0.53125 0.5
1257967659.90625 0.09375 0.5
1257993794.28125 0.34375 0.5
1257996446.96875 0.34375 0.5
1258014471.34375 0.34375 0.5
1258039746.21875 0.34375 0.5
1258042647.40625 0.34375 0.5
1258047124.78125 0.34375 0.5
1258055224.34375 0.34375 0.5
1258077555.96875 0.34375 0.5
1258090043.21875 0.34375 0.5
1258090907.34375 0.34375 0.5
1258093766.28125 0.34375 0.5
1258098078.65625 0.53125 0.5
1258105540.0 0.375 0.5
1258109136.09375 0.34375 0.5
1258121827.03125 0.34375 0.5
1258138900.90625 0.34375 0.5
1258140436.625 0.375 0.5
1258150902.71875 0.28125 0.5
1258153391.59375 0.34375 0.5
1258170800.28125 0.34375 0.5
1258174430.65625 0.65625 0.5
1258178006.21875 0.34375 0.5
1258184476.65625 0.34375 0.5
1258184608.03125 0.34375 0.5
1258204869.53125 0.34375 0.5
1258212490.65625 0.34375 0.5
1258214501.53125 0.46875 0.5
1258253916.34375 0.34375 0.5
1258254348.34375 0.34375 0.5
1258259707.71875 0.28125 0.5
1258280816.375 0.625 0.5
1258285264.90625 0.34375 0.5
1258289507.03125 0.34375 0.5
1258289508.15625 0.34375 0.5
1258291969.90625 0.34375 0.5
1258296363.4375 0.375 0.5
1258303857.34375 0.59375 0.5
1258309496.28125 0.34375 0.5
1258309497.65625 0.34375 0.5
1258316699.53125 0.34375 0.5
1258317257.34375 0.34375 0.5
1258330421.59375 0.34375 0.5
1258332603.75 0.25 0.5
1258350089.84375 0.34375 0.5
1258353787.84375 0.34375 0.5
1258367977.90625 0.34375 0.5
1258376450.0625 0.4375 0.5
1258429973.84375 0.34375 0.5
1258430328.0 0.375 0.5
1258444251.09375 0.34375 0.5
1258450282.40625 0.34375 0.5
1258456371.65625 0.40625 0.5
1258461613.46875 0.34375 0.5
1258462029.9375 0.6875 0.5
1258467095.96875 0.34375 0.5
1258477681.90625 0.34375 0.5
1258494767.34375 0.59375 0.5
1258495668.90625 0.34375 0.5
1258533188.71875 0.34375 0.5
1258537658.59375 0.40625 0.5
1258546180.03125 0.34375 0.5
1258573232.71875 0.34375 0.5
1258573233.59375 0.34375 0.5
1258580167.375 0.625 0.5
1258592493.625 0.375 0.5
1258608446.90625 0.34375 0.5
1258622496.5625 0.4375 0.5
1258642149.46875 0.34375 0.5
1258648873.84375 0.34375 0.5
1258673067.78125 0.34375 0.5
1258686919.28125 0.34375 0.5
1258686920.28125 0.34375 0.5
1258695088.78125 0.34375 0.5
1258709112.53125 0.34375 0.5
1258711096.21875 0.34375 0.5
1258725707.46875 0.34375 0.5
1258731302.96875 0.34375 0.5
1258743104.78125 0.34375 0.5
1258773463.71875 0.28125 0.5
1258786179.03125 0.34375 0.5
1258790824.96875 0.34375 0.5
1258795691.71875 0.34375 0.5
1258797729.5625 0.375 0.5
1258815028.5 0.375 0.5
1258815114.21875 0.34375 0.5
1258850818.84375 0.34375 0.5
1258858958.09375 0.34375 0.5
1258860120.96875 0.34375 0.5
1258881084.46875 0.34375 0.5
1258883401.3125 0.375 0.5
1258886567.34375 0.40625 0.5
1258902867.53125 0.34375 0.5
1258914078.46875 0.34375 0.5
1258917848.96875 0.40625 0.5
1258918211.59375 0.34375 0.5
1258922929.71875 0.40625 0.5
1258931792.59375 0.40625 0.5
1258967439.84375 0.34375 0.5
1258974501.5 0.375 0.5
1258978263.78125 0.34375 0.5
1258982691.03125 0.40625 0.5
1258986575.84375 0.34375 0.5
1258986576.96875 0.34375 0.5
1259006190.34375 0.34375 0.5
1259013710.75 0.25 0.5
1259032321.53125 0.46875 0.5
1259048611.9375 0.375 0.5
1259051868.40625 0.34375 0.5
1259055426.09375 0.34375 0.5
1259056721.9375 0.6875 0.5
1259068470.40625 0.34375 0.5
1259089327.34375 0.34375 0.5
1259091737.3125 0.375 0.5
1259095985.09375 0.34375 0.5
1259113709.59375 0.40625 0.5
1259131107.625 0.375 0.5
1259133694.21875 0.34375 0.5
1259137815.4375 0.5625 0.5
1259156458.40625 0.34375 0.5
1259161134.03125 0.34375 0.5
1259177379.71875 0.34375 0.5
1259184898.09375 0.34375 0.5
1259211624.84375 0.34375 0.5
1259216652.5625 0.4375 0.5
1259251014.21875 0.34375 0.5
1259257120.90625 0.34375 0.5
1259267514.5625 0.4375 0.5
1259280529.15625 0.34375 0.5
1259298581.625 0.375 0.5
1259318182.34375 0.65625 0.5
1259352498.71875 0.34375 0.5
1259360587.78125 0.34375 0.5
1259369575.46875 0.34375 0.5
1259382294.71875 0.34375 0.5
1259391383.96875 0.34375 0.5
1259394530.84375 0.34375 0.5
1259397020.46875 0.34375 0.5
1259399109.59375 0.34375 0.5
1259469833.90625 0.09375 0.5
1259480726.46875 0.34375 0.5
1259491583.375 0.375 0.5
1259493758.96875 0.34375 0.5
1259493959.15625 0.34375 0.5
1259518953.09375 0.34375 0.5
1259544196.15625 0.40625 0.5
1259545370.71875 0.34375 0.5
1259561930.65625 0.34375 0.5
1259581070.6875 0.3125 0.5
1259604673.40625 0.34375 0.5
1259612087.125 0.375 0.5
1259618554.5625 0.4375 0.5
1259636039.46875 0.34375 0.5
1259636609.96875 0.34375 0.5
1259636984.96875 0.34375 0.5
1259653250.59375 0.34375 0.5
1259659441.65625 0.34375 0.5
1259667513.40625 0.34375 0.5
1259670705.34375 0.34375 0.5
1259674618.78125 0.34375 0.5
1259728999.15625 0.34375 0.5
1259737440.15625 0.34375 0.5
1259746384.96875 0.34375 0.5
1259754634.90625 0.34375 0.5
1259758611.75 0.375 0.5
1259759681.78125 0.34375 0.5
1259775109.84375 0.34375 0.5
1259777024.46875 0.34375 0.5
1259786638.40625 0.34375 0.5
1259797479.84375 0.34375 0.5
1259797934.40625 0.34375 0.5
1259807587.46875 0.34375 0.5
1259822343.59375 0.34375 0.5
1259838409.34375 0.34375 0.5
1259847446.96875 0.34375 0.5
1259858419.40625 0.53125 0.5
1259863792.59375 0.34375 0.5
1259877483.90625 0.40625 0.5
1259880345.3125 0.375 0.5
1259884742.53125 0.34375 0.5
1259887321.90625 0.34375 0.5
1259888232.34375 0.46875 0.5
1259895996.40625 0.34375 0.5
1259899148.46875 0.34375 0.5
1259901666.09375 0.34375 0.5
1259906561.25 0.375 0.5
1259928786.40625 0.34375 0.5
1259928787.3125 0.375 0.5
1259945170.5 0.4375 0.5
1259952608.1875 0.5 0.5
1259954002.21875 0.34375 0.5
1259983133.21875 0.34375 0.5
1259986856.34375 0.34375 0.5
1259987268.34375 0.34375 0.5
1259988950.65625 0.34375 0.5
1259991037.09375 0.34375 0.5
1259991038.21875 0.34375 0.5
1259996943.65625 0.34375 0.5
1260003431.03125 0.34375 0.5
1260009213.8125 0.375 0.5
1260014751.09375 0.34375 0.5
1260017125.90625 0.53125 0.5
1260023511.03125 0.34375 0.5
1260064746.96875 0.34375 0.5
1260064764.40625 0.34375 0.5
1260071520.71875 0.34375 0.5
1260084056.90625 0.09375 0.5
1260153368.40625 0.34375 0.5
1260158113.15625 0.34375 0.5
1260159608.0625 0.375 0.5
1260189355.40625 0.59375 0.5
1260212491.78125 0.34375 0.5
1260220232.0625 0.375 0.5
1260224897.78125 0.34375 0.5
1260225784.59375 0.34375 0.5
1260225910.59375 0.34375 0.5
1260257095.40625 0.34375 0.5
1260271154.34375 0.34375 0.5
1260281158.90625 0.09375 0.5
1260292996.53125 0.34375 0.5
1260375032.84375 0.34375 0.5
1260378202.53125 0.34375 0.5
1260382860.59375 0.40625 0.5
1260390416.4375 0.375 0.5
1260405680.03125 0.34375 0.5
1260409677.78125 0.34375 0.5
1260416319.71875 0.34375 0.5
1260423138.71875 0.34375 0.5
1260427026.59375 0.40625 0.5
1260440738.34375 0.34375 0.5
1260441702.3125 0.375 0.5
1260472180.78125 0.34375 0.5
1260476524.5 0.375 0.5
1260489920.40625 0.34375 0.5
1260506225.71875 0.34375 0.5
1260509354.40625 0.34375 0.5
1260531025.40625 0.34375 0.5
1260558817.96875 0.34375 0.5
1260582156.34375 0.34375 0.5
1260595092.65625 0.34375 0.5
1260619391.40625 0.34375 0.5
1260633950.90625 0.09375 0.5
1260665055.59375 0.34375 0.5
1260665056.53125 0.34375 0.5
1260681011.40625 0.40625 0.5
1260692603.15625 0.40625 0.5
1260700473.96875 0.34375 0.5
1260700625.625 0.375 0.5
1260704889.28125 0.34375 0.5
1260714156.6875 0.375 0.5
1260749473.15625 0.34375 0.5
1260751306.28125 0.34375 0.5
1260760013.0 0.5 0.5
1260771862.09375 0.34375 0.5
1260775743.625 0.375 0.5
1260783763.3125 0.375 0.5
1260825361.59375 0.34375 0.5
1260835796.03125 0.34375 0.5
1260849558.28125 0.34375 0.5
1260852316.8125 0.4375 0.5
1260859351.5 0.5 0.5
1260878274.84375 0.15625 0.5
1260885366.96875 0.46875 0.5
1260886512.90625 0.34375 0.5
1260886516.96875 0.34375 0.5
1260886519.21875 0.65625 0.5
1260888333.0 0.5 0.5
1260888334.40625 0.46875 0.5
1260888335.46875 0.46875 0.5
1260888336.96875 0.40625 0.5
1260888339.40625 1.40625 0.5
1260888342.59375 0.90625 0.5
1260888344.46875 0.46875 0.5
1260888345.5 0.4375 0.5
1260888346.71875 0.71875 0.5
1260888349.53125 0.34375 0.5
1260888350.46875 0.34375 0.5
1260888352.9375 0.5625 0.5
1260888354.4375 0.4375 0.5
1260888355.46875 0.34375 0.5
1260888356.9375 0.4375 0.5
1260888358.75 1.125 0.5
1260888360.65625 0.71875 0.5
1260888361.84375 0.34375 0.5
1260888362.875 0.4375 0.5
1260888366.96875 0.46875 0.5
1260888372.9375 0.5 0.5
1260888374.4375 0.4375 0.5
1260888375.46875 0.46875 0.5
1260888377.0 0.4375 0.5
1260888380.46875 0.40625 0.5
1260888382.90625 0.46875 0.5
1260888384.4375 0.375 0.5
1260888390.34375 0.34375 0.5
1260888392.90625 0.34375 0.5
1260888394.40625 0.34375 0.5
1260888417.03125 0.34375 0.5
1260889497.90625 0.40625 0.5
1260889703.5 0.375 0.5
1260889877.375 0.375 0.5
1260890041.0 0.375 0.5
1260890198.125 0.375 0.5
1260890354.84375 0.34375 0.5
1260890512.84375 0.34375 0.5
1260890666.25 0.375 0.5
1260891007.96875 0.34375 0.5
1260891176.84375 0.34375 0.5
1260891548.59375 0.34375 0.5
1260892546.59375 0.34375 0.5
1260901397.78125 0.21875 0.5
1260909863.34375 0.34375 0.5
1260910201.78125 0.34375 0.5
1260914506.96875 0.03125 0.5
1260933387.125 0.375 0.5
1260942054.25 0.4375 0.5
1260968989.21875 0.34375 0.5
1260980735.59375 0.34375 0.5
1260986824.21875 0.34375 0.5
1261013356.1875 0.375 0.5
1261020908.34375 0.34375 0.5
1261050805.21875 0.34375 0.5
1261080613.09375 0.34375 0.5
1261084554.84375 0.34375 0.5
1261088367.28125 0.34375 0.5
1261106989.84375 0.34375 0.5
1261110581.84375 0.34375 0.5
1261115326.84375 0.34375 0.5
1261117173.15625 0.34375 0.5
1261153138.78125 0.21875 0.5
1261163857.5625 0.4375 0.5
1261179933.46875 0.53125 0.5
1261201786.875 0.375 0.5
1261250712.15625 0.34375 0.5
1261251366.96875 0.46875 0.5
1261252117.90625 0.09375 0.5
1261280304.8125 0.1875 0.5
1261341875.4375 0.5625 0.5
1261363541.34375 0.34375 0.5
1261366957.6875 0.375 0.5
1261381083.0625 0.375 0.5
1261381238.90625 0.34375 0.5
1261414081.21875 0.34375 0.5
1261429218.40625 0.34375 0.5
1261447719.15625 0.34375 0.5
1261491421.625 0.375 0.5
1261524618.40625 0.34375 0.5
1261524987.21875 0.34375 0.5
1261525867.84375 0.34375 0.5
1261560959.65625 0.34375 0.5
1261561895.9375 0.375 0.5
1261565642.625 0.375 0.5
1261566023.5625 0.375 0.5
1261566510.6875 0.3125 0.5
1261576966.71875 0.34375 0.5
1261582832.3125 0.6875 0.5
1261589616.34 0.34375 0.5
1261592560.47 0.34375 0.5
1261594933.97 0.34375 0.5
1261603595.28 0.34375 0.5
1261617160.81 0.375 0.5
1261620632.38 0.375 0.5
1261634774.34 0.34375 0.5
1261644749.34 0.65625 0.5
1261679230.59 0.40625 0.5
1261680281.22 0.34375 0.5
1261688972.41 0.34375 0.5
1261698275.34 0.34375 0.5
1261700882.44 0.5625 0.5
1261706766.84 0.34375 0.5
1261713721.22 0.34375 0.5
1261745565.16 0.34375 0.5
1261746725.47 0.34375 0.5
1261778844.03 0.34375 0.5
1261805554.84 0.34375 0.5
1261807028.97 0.34375 0.5
1261823060.09 0.34375 0.5
1261975972.16 0.34375 0.5
1261976230.72 0.34375 0.5
1261977434.47 0.34375 0.5
1261978046.97 0.34375 0.5
1261978914.28 0.34375 0.5
1261998528.97 0.34375 0.5
1262005595.91 0.34375 0.5
1262031440.94 0.375 0.5
1262032399.28 0.34375 0.5
1262046198.41 0.34375 0.5
1262055877.34 0.34375 0.5
1262064944.78 0.34375 0.5
1262070556.94 0.375 0.5
1262082848.03 0.34375 0.5
1262122278.47 0.34375 0.5
1262127575.44 0.5625 0.5
1262150528.91 0.34375 0.5
1262160516.47 0.34375 0.5
1262162969.72 0.34375 0.5
1262164434.91 0.34375 0.5
1262166289.34 0.34375 0.5
1262188382.53 0.34375 0.5
1262212588.34 0.34375 0.5
1262219185.09 0.34375 0.5
1262236044.66 0.34375 0.5
1262240903.78 0.34375 0.5
1262275803.66 0.34375 0.5
1262335941.97 0.34375 0.5
1262343994.91 0.09375 0.5
1262357081.47 0.34375 0.5
1262376626.34 0.34375 0.5
1262378989.66 0.34375 0.5
1262383398.5 0.5 0.5
1262404621.41 0.59375 0.5
1262432851.88 0.125 0.5
1262479516.06 0.4375 0.5
1262488605.91 0.34375 0.5
1262523321.16 0.34375 0.5
1262525742.5 0.5 0.5
1262559062.78 1.21875 0.5
1262586963.16 0.34375 0.5
1262591337.81 0.375 0.5
1262593828.34 0.34375 0.5
1262595539.56 0.4375 0.5
1262613530.97 0.34375 0.5
1262615710.22 0.34375 0.5
1262624722.91 0.34375 0.5
1262634243.41 0.34375 0.5
1262649332.66 0.34375 0.5
1262653833.94 0.375 0.5
1262654517.97 0.34375 0.5
1262657493.28 0.34375 0.5
1262678667.06 0.375 0.5
1262697282.97 0.34375 0.5
1262715750.09 0.34375 0.5
1262718777.78 0.21875 0.5
1262738325.84 0.15625 0.5
1262762293.84 0.15625 0.5
1262792314.91 0.34375 0.5
1262800535.0 0.375 0.5
1262805670.84 0.34375 0.5
1262816125.25 0.5 0.5
1262817513.34 0.34375 0.5
1262817514.69 0.3125 0.5
1262841286.22 0.34375 0.5
1262857888.03 0.34375 0.5
1262858869.75 0.25 0.5
1262878254.66 0.34375 0.5
1262893111.69 0.3125 0.5
1262903116.03125 0.34375 0.5
1262910416.96875 0.34375 0.5
1262919531.75 0.4375 0.5
1262926796.09375 0.34375 0.5
1262926796.90625 0.34375 0.5
1262988662.53125 0.34375 0.5
1263004668.34 0.34375 0.5
1263005223.72 0.34375 0.5
1263006359.59 0.34375 0.5
1263022891.47 0.34375 0.5
1263024042.66 0.34375 0.5
1263028369.22 0.34375 0.5
1263052725.53 0.46875 0.5
1263087171.66 0.34375 0.5
1263090341.41 0.34375 0.5
1263092982.34 0.40625 0.5
1263115488.19 0.4375 0.5
1263117893.72 0.34375 0.5
1263122398.41 0.34375 0.5
1263128020.19 0.375 0.5
1263133300.44 0.375 0.5
1263134210.78 0.34375 0.5
1263137452.41 0.34375 0.5
1263137453.34 0.34375 0.5
1263141242.5 0.5 0.5
1263159365.66 0.34375 0.5
1263174188.91 0.34375 0.5
1263174611.81 0.1875 0.5
1263187593.03 0.34375 0.5
1263193115.78 0.34375 0.5
1263206901.22 0.34375 0.5
1263240982.56 0.375 0.5
1263252019.78 0.34375 0.5
1263263360.5 0.5 0.5
1263271832.72 0.34375 0.5
1263280464.0 0.375 0.5
1263286638.34 0.34375 0.5
1263299393.97 0.34375 0.5
1263319022.84 0.34375 0.5
1263333856.06 0.625 0.5
1263339632.53 0.34375 0.5
1263382680.41 0.34375 0.5
1263383632.47 0.34375 0.5
1263390660.09 0.34375 0.5
1263396737.44 0.375 0.5
1263405161.28 0.34375 0.5
1263408328.84 0.34375 0.5
1263410103.06 0.75 0.5
1263421519.91 0.34375 0.5
1263427953.41 0.34375 0.5
1263429128.72 0.34375 0.5
1263441203.38 0.375 0.5
1263452832.34 0.34375 0.5
1263455932.72 0.34375 0.5
1263478735.75 0.25 0.5
1263509010.16 0.46875 0.5
1263513681.03 0.34375 0.5
1263514222.38 0.625 0.5
1263523917.34 0.53125 0.5
1263528017.34 0.34375 0.5
1263528547.47 0.53125 0.5
1263535062.47 0.34375 0.5
1263571809.62 0.375 0.5
1263598046.56 0.375 0.5
1263615151.5 0.5 0.5
1263634411.41 0.59375 0.5
1263649067.72 0.28125 0.5
1263657649.47 0.53125 0.5
1263689704.91 0.34375 0.5
1263698797.78 0.40625 0.5
1263701934.28 0.34375 0.5
1263721413.5 0.375 0.5
1263770334.03 0.34375 0.5
1263771264.41 0.34375 0.5
1263781696.75 0.375 0.5
1263788170.28 0.34375 0.5
1263791212.84 0.34375 0.5
1263792468.22 0.34375 0.5
1263794441.53 0.46875 0.5
1263820252.03 0.34375 0.5
1263832873.78 0.34375 0.5
1263838564.22 0.34375 0.5
1263838565.69 0.375 0.5
1263840091.28 0.34375 0.5
1263844834.03 0.46875 0.5
1263876641.75 0.25 0.5
1263901362.66 0.34375 0.5
1263905057.84 0.34375 0.5
1263918909.84 0.34375 0.5
1263924178.66 0.34375 0.5
1263925294.69 0.3125 0.5
1263937095.66 0.34375 0.5
1263955419.53 0.34375 0.5
1263972241.53 0.34375 0.5
1263976154.22 0.34375 0.5
1263988327.53 0.34375 0.5
1264010579.69 0.375 0.5
1264040948.97 0.40625 0.5
1264044989.88 0.125 0.5
1264056020.19 0.375 0.5
1264070753.66 0.34375 0.5
1264090201.34 0.34375 0.5
1264097318.34 0.34375 0.5
1264106091.59 0.40625 0.5
1264131596.75 0.25 0.5
1264208899.78 0.34375 0.5
1264212104.09 0.34375 0.5
1264216236.94 0.0625 0.5
1264234999.59 0.34375 0.5
1264244460.66 0.34375 0.5
1264247749.41 0.34375 0.5
1264250854.5 0.5 0.5
1264262635.53 0.46875 0.5
1264307602.28 0.34375 0.5
1264317356.03 0.34375 0.5
1264322034.84 0.34375 0.5
1264365575.03 0.34375 0.5
1264368649.16 0.34375 0.5
1264370271.81 0.1875 0.5
1264403184.5 0.5 0.5
1264411581.91 0.34375 0.5
1264429886.47 0.34375 0.5
1264436144.78 0.21875 0.5
1264451833.66 0.34375 0.5
1264454584.22 0.34375 0.5
1264464040.28 0.34375 0.5
1264469844.69 0.3125 0.5
1264484791.69 0.375 0.5
1264497433.94 0.375 0.5
1264509726.16 0.34375 0.5
1264515796.5 0.375 0.5
1264516019.28 0.34375 0.5
1264523050.94 0.375 0.5
1264526141.72 0.28125 0.5
1264531780.91 0.34375 0.5
1264535213.47 0.53125 0.5
1264550882.09 0.34375 0.5
1264551331.66 0.34375 0.5
1264571557.19 0.375 0.5
1264586298.28 0.34375 0.5
1264591703.78 0.21875 0.5
1264607846.78 0.34375 0.5
1264649155.97 0.34375 0.5
1264649378.47 0.34375 0.5
1264664951.72 0.34375 0.5
1264670337.22 0.34375 0.5
1264671222.78 0.34375 0.5
1264690403.88 0.4375 0.5
1264696276.47 0.34375 0.5
1264701505.41 0.34375 0.5
1264722705.41 0.34375 0.5
1264723973.34 0.34375 0.5
1264734034.97 0.34375 0.5
1264749158.16 0.34375 0.5
1264756374.53 0.34375 0.5
1264782575.66 0.34375 0.5
1264785939.78 0.34375 0.5
1264786736.41 0.34375 0.5
1264831799.59 0.34375 0.5
1264834735.38 0.375 0.5
1264846396.19 0.375 0.5
1264849557.59 0.46875 0.5
1264849776.47 0.34375 0.5
1264864549.41 0.34375 0.5
1264868098.88 0.125 0.5
1264899145.78 0.34375 0.5
1264901817.66 0.34375 0.5
1264904065.81 0.1875 0.5
1264913642.72 0.34375 0.5
1264920978.03 0.34375 0.5
1264934802.91 0.09375 0.5
1264947702.53 0.46875 0.5
1264962805.22 0.34375 0.5
1264964659.16 0.34375 0.5
1264975122.53 0.34375 0.5
1264982351.78 0.21875 0.5
1265000750.16 0.34375 0.5
1265008077.78 0.34375 0.5
1265011366.88 0.375 0.5
1265039303.03 0.34375 0.5
1265047504.62 0.375 0.5
1265062058.59 0.40625 0.5
1265067939.81 0.1875 0.5
1265097766.875 0.5 0.5
1265124221.59375 0.34375 0.5
1265150432.78125 0.21875 0.5
1265161291.5 0.5 0.5
1265178174.03125 0.34375 0.5
1265212299.53125 0.46875 0.5
1265224666.875 0.375 0.5
1265233973.125 0.375 0.5
1265238717.34375 0.34375 0.5
1265247526.875 0.375 0.5
1265258335.90625 0.34375 0.5
1265307972.59375 0.34375 0.5
1265313390.78125 0.34375 0.5
1265316935.34375 0.34375 0.5
1265318155.84375 0.15625 0.5
1265329740.71875 0.34375 0.5
1265336055.34375 0.34375 0.5
1265336056.15625 0.34375 0.5
1265344047.40625 0.34375 0.5
1265358054.0625 0.375 0.5
1265366766.78125 0.34375 0.5
1265383993.28125 0.34375 0.5
1265388848.0625 0.375 0.5
1265393674.71875 0.28125 0.5
1265415439.09375 0.34375 0.5
1265427695.96875 0.34375 0.5
1265431849.96875 0.34375 0.5
1265435961.59375 0.34375 0.5
1265447999.84375 0.34375 0.5
1265459531.8125 0.1875 0.5
1265472937.625 0.375 0.5
1265522808.71875 0.28125 0.5
1265556090.78125 0.34375 0.5
1265576863.15625 0.34375 0.5
1265585145.78125 0.21875 0.5
1265608373.34375 0.34375 0.5
1265613278.65625 0.34375 0.5
1265625705.9375 0.0625 0.5
1265649819.9375 0.0625 0.5
1265661553.59375 0.34375 0.5
1265672808.03125 0.34375 0.5
1265673849.84375 0.34375 0.5
1265691729.78125 0.34375 0.5
1265693178.65625 0.34375 0.5
1265698935.90625 0.34375 0.5
1265718591.875 0.5625 0.5
1265724849.625 0.375 0.5
1265732324.28125 0.34375 0.5
1265735778.90625 0.34375 0.5
1265748246.75 0.25 0.5
1265769521.84375 0.15625 0.5
1265775082.625 0.375 0.5
1265787406.71875 0.34375 0.5
1265796398.71875 0.34375 0.5
1265798523.90625 0.09375 0.5
1265806304.21875 0.34375 0.5
1265817057.90625 0.34375 0.5
1265833018.03125 0.34375 0.5
1265833018.8125 0.1875 0.5
1265857665.46875 0.34375 0.5
1265859594.5625 0.375 0.5
1265886322.0 0.375 0.5
1265895672.34375 0.34375 0.5
1265899434.53125 0.34375 0.5
1265903207.59375 0.34375 0.5
1265933490.90625 0.34375 0.5
1265933579.96875 0.34375 0.5
1265939080.375 0.625 0.5
1265967941.28125 0.34375 0.5
1265984349.21875 0.34375 0.5
1266017585.0 0.375 0.5
1266033414.03125 0.34375 0.5
1266040775.53125 0.34375 0.5
1266047080.78125 0.34375 0.5
1266048010.59375 0.40625 0.5
1266054657.28125 0.34375 0.5
1266078253.65625 0.34375 0.5
1266118749.5625 0.375 0.5
1266120673.65625 0.34375 0.5
1266125687.25 0.375 0.5
1266126838.71875 0.34375 0.5
1266127492.03125 0.34375 0.5
1266127931.40625 0.34375 0.5
1266149133.3125 0.5625 0.5
1266149134.84375 0.34375 0.5
1266155413.09375 0.34375 0.5
1266163228.375 0.5625 0.5
1266167423.0 0.375 0.5
1266181935.84375 0.34375 0.5
1266183772.71875 0.28125 0.5
1266238153.34375 0.34375 0.5
1266245447.65625 0.34375 0.5
1266269398.40625 0.59375 0.5
1266274870.46875 0.53125 0.5
1266289731.5 0.375 0.5
1266297228.65625 0.34375 0.5
1266390760.0625 0.375 0.5
1266417963.40625 0.34375 0.5
1266426302.09375 0.34375 0.5
1266436890.75 0.25 0.5
1266448551.25 0.375 0.5
1266467505.09375 0.34375 0.5
1266493634.15625 0.34375 0.5
1266494154.65625 0.34375 0.5
1266512937.0 0.375 0.5
1266519672.71875 0.28125 0.5
1266589454.28125 0.34375 0.5
1266626013.34375 0.34375 0.5
1266626316.5 0.5 0.5
1266642539.5 0.375 0.5
1266660312.96875 0.34375 0.5
1266671772.1875 0.625 0.5
1266678859.125 0.375 0.5
1266681916.59375 0.40625 0.5
1266753331.59375 0.34375 0.5
1266755417.78125 0.34375 0.5
1266798923.28125 0.34375 0.5
1266824916.21875 0.34375 0.5
1266828424.53125 0.34375 0.5
1266830034.15625 0.34375 0.5
1266849421.0625 0.375 0.5
1266852513.9375 0.375 0.5
1266867947.59375 0.34375 0.5
1266873251.5 0.5 0.5
1266886926.78125 0.34375 0.5
1266889595.84375 0.34375 0.5
1266894047.65625 0.34375 0.5
1266909402.53125 0.34375 0.5
1266909403.8125 0.375 0.5
1266914072.625 0.375 0.5
1266945270.75 0.25 0.5
1266957647.8125 0.1875 0.5
1266976499.71875 0.34375 0.5
1266989832.03125 0.34375 0.5
1267010648.46875 0.34375 0.5
1267010649.59375 0.34375 0.5
1267022449.78125 0.34375 0.5
1267035469.5 0.375 0.5
1267046707.90625 0.34375 0.5
1267086152.03125 0.40625 0.5
1267102410.65625 0.34375 0.5
1267109826.15625 0.34375 0.5
1267109849.6875 0.4375 0.5
1267142786.59375 0.34375 0.5
1267152785.28125 0.34375 0.5
1267160748.625 0.375 0.5
1267193566.78125 0.34375 0.5
1267195956.125 0.5 0.5
1267224281.71875 0.34375 0.5
1267243596.6875 0.375 0.5
1267262007.96875 0.34375 0.5
1267263864.5 0.375 0.5
1267342633.5625 0.4375 0.5
1267369710.71875 0.34375 0.5
1267371382.15625 0.34375 0.5
1267385180.96875 0.34375 0.5
1267385735.90625 0.34375 0.5
1267388021.71875 0.34375 0.5
1267388783.625 0.375 0.5
1267437771.4375 0.375 0.5
1267441841.40625 0.34375 0.5
1267444169.375 0.625 0.5
1267449731.34375 0.34375 0.5
1267459886.375 0.625 0.5
1267466046.71875 0.34375 0.5
1267466676.5 0.375 0.5
1267480685.40625 0.34375 0.5
1267487967.0 0.375 0.5
1267503409.46875 0.53125 0.5
1267510293.59375 0.34375 0.5
1267510294.34375 0.34375 0.5
1267555073.875 0.125 0.5
1267565702.40625 0.34375 0.5
1267567108.71875 0.28125 0.5
1267588563.78125 0.21875 0.5
1267604280.28125 0.34375 0.5
1267618102.96875 0.34375 0.5
1267627179.375 0.375 0.5
1267635796.03125 0.34375 0.5
1267639608.15625 0.34375 0.5
1267642846.625 0.5625 0.5
1267662181.71875 0.34375 0.5
1267690440.09375 0.34375 0.5
1267710043.96875 0.34375 0.5
1267720872.25 0.375 0.5
1267721108.9375 0.375 0.5
1267726837.96875 0.34375 0.5
1267744433.96875 0.34375 0.5
1267744434.71875 0.34375 0.5
1267745944.40625 0.34375 0.5
1267747223.71875 0.40625 0.5
1267758092.84375 0.15625 0.5
1267766698.84375 0.34375 0.5
1267767014.34375 0.34375 0.5
1267771083.75 0.25 0.5
1267778797.96875 0.34375 0.5
1267785743.46875 0.34375 0.5
1267795255.59375 0.40625 0.5
1267809030.78125 0.34375 0.5
1267826047.78125 0.34375 0.5
1267878085.875 0.5625 0.5
1267887942.8125 0.1875 0.5
1267912937.46875 0.53125 0.5
1267933437.15625 0.34375 0.5
1267942156.9375 0.375 0.5
1267976693.6875 0.3125 0.5
1267984301.75 0.25 0.5
1267992343.46875 0.34375 0.5
1267993832.53125 0.46875 0.5
1268021263.84375 0.40625 0.5
1268044007.03125 0.34375 0.5
1268047471.90625 0.34375 0.5
1268061505.71875 0.34375 0.5
1268077901.71875 0.34375 0.5
1268114112.71875 0.34375 0.5
1268123503.46875 0.34375 0.5
1268123521.90625 0.34375 0.5
1268123539.40625 0.34375 0.5
1268123542.03125 0.34375 0.5
1268123543.40625 0.34375 0.5
1268123549.34375 0.34375 0.5
1268123561.9375 0.375 0.5
1268123563.5 0.375 0.5
1268123567.96875 0.34375 0.5
1268123571.96875 0.34375 0.5
1268123573.5 0.375 0.5
1268123574.46875 0.34375 0.5
1268123579.40625 0.34375 0.5
1268123581.90625 0.34375 0.5
1268123583.4375 0.375 0.5
1268123587.75 0.5625 0.5
1268123592.0 0.4375 0.5
1268123593.40625 0.34375 0.5
1268123595.9375 0.375 0.5
1268123596.84375 0.34375 0.5
1268123601.9375 0.4375 0.5
1268123603.5 0.375 0.5
1268123606.0 0.4375 0.5
1268123608.59375 0.34375 0.5
1268123609.46875 0.34375 0.5
1268123611.875 0.4375 0.5
1268123613.4375 0.4375 0.5
1268123615.6875 0.625 0.5
1268123617.59375 0.34375 0.5
1268123619.40625 0.34375 0.5
1268123621.96875 0.46875 0.5
1268123623.9375 0.875 0.5
1268123626.0625 0.375 0.5
1268123627.6875 0.625 0.5
1268123629.40625 0.40625 0.5
1268123630.96875 0.34375 0.5
1268123631.9375 0.5 0.5
1268123633.4375 0.4375 0.5
1268123636.0 0.5 0.5
1268123637.6875 0.5625 0.5
1268123640.1875 1.125 0.5
1268123641.9375 0.5 0.5
1268123643.40625 0.46875 0.5
1268123646.0625 0.5 0.5
1268123647.625 0.5 0.5
1268123649.4375 0.375 0.5
1268123651.5 0.9375 0.5
1268123653.5 0.4375 0.5
1268123656.9375 1.4375 0.5
1268123659.4375 0.4375 0.5
1268123660.96875 0.34375 0.5
1268123662.1875 0.6875 0.5
1268123663.4375 0.5 0.5
1268123664.40625 0.34375 0.5
1268123665.9375 0.4375 0.5
1268123667.625 1.1875 0.5
1268123669.59375 0.65625 0.5
1268123670.9375 0.375 0.5
1268123671.96875 0.53125 0.5
1268123673.875 0.9375 0.5
1268123675.75 0.6875 0.5
1268123681.53125 0.96875 0.5
1268123683.46875 0.53125 0.5
1268123684.46875 0.34375 0.5
1268123685.78125 0.65625 0.5
1268123691.40625 0.96875 0.5
1268123743.46875 0.53125 0.5
1268157282.84375 0.15625 0.5
1268171705.5 0.5 0.5
1268183594.15625 0.34375 0.5
1268186579.5625 0.375 0.5
1268196633.90625 0.34375 0.5
1268213452.28125 0.34375 0.5
1268218115.53125 0.46875 0.5
1268232530.46875 0.34375 0.5
1268233021.40625 0.34375 0.5
1268258755.59375 0.46875 0.5
1268267155.96875 0.34375 0.5
1268270257.28125 0.34375 0.5
1268280252.78125 0.34375 0.5
1268283359.21875 0.34375 0.5
1268291260.28125 0.34375 0.5
1268306487.125 0.625 0.5
1268318443.59375 0.34375 0.5
1268330016.46875 0.53125 0.5
1268367320.96875 0.34375 0.5
1268375346.5625 0.375 0.5
1268378899.03125 0.34375 0.5
1268386092.15625 0.34375 0.5
1268402799.15625 0.34375 0.5
1268404472.46875 0.34375 0.5
1268437408.40625 0.34375 0.5
1268460424.65625 0.34375 0.5
1268482384.9375 0.0625 0.5
1268488312.34375 0.34375 0.5
1268490339.84375 0.15625 0.5
1268533522.96875 0.34375 0.5
1268550627.71875 0.34375 0.5
1268552391.65625 0.34375 0.5
1268570699.6875 0.3125 0.5
1268601881.5625 0.375 0.5
1268604736.5 0.5 0.5
1268611354.875 0.125 0.5
1268641568.71875 0.34375 0.5
1268659280.59375 0.34375 0.5
1268699962.65625 0.34375 0.5
1268743622.03125 0.34375 0.5
1268746827.0625 0.375 0.5
1268749918.90625 0.34375 0.5
1268756458.59375 0.34375 0.5
1268760949.84375 0.15625 0.5
1268789930.875 0.125 0.5
1268844555.96875 0.34375 0.5
1268851261.46875 0.34375 0.5
1268862022.40625 0.34375 0.5
1268930498.34375 0.65625 0.5
1268953679.875 0.125 0.5
1268971525.15625 0.34375 0.5
1268982302.15625 0.34375 0.5
1269005624.78125 0.34375 0.5
1269041130.84375 0.34375 0.5
1269057106.84375 0.34375 0.5
1269062596.65625 0.34375 0.5
1269080803.53125 0.34375 0.5
1269082922.21875 0.34375 0.5
1269086584.5625 0.4375 0.5
1269102514.8125 0.1875 0.5
1269140335.6875 0.3125 0.5
1269230674.71875 0.34375 0.5
1269258535.40625 0.34375 0.5
1269261322.65625 0.34375 0.5
1269268419.21875 0.34375 0.5
1269285539.09375 0.34375 0.5
1269285645.78125 0.34375 0.5
1269291155.34375 0.34375 0.5
1269300060.96875 0.34375 0.5
1269321290.53125 0.34375 0.5
1269331253.34375 0.34375 0.5
1269339863.96875 0.34375 0.5
1269344501.21875 0.34375 0.5
1269361167.03125 0.34375 0.5
