1238170292.5 0.5 0.5
1238189313.66 0.34375 0.5
1238193202.66 0.34375 0.5
1238193454.16 0.34375 0.5
1238193899.78 0.21875 0.5
1238200190.59 0.40625 0.5
1238205824.34 0.34375 0.5
1238228888.59 0.40625 0.5
1238249302.94 0.0625 0.5
1238271994.53 0.34375 0.5
1238277332.97 0.34375 0.5
1238277418.41 0.59375 0.5
1238312537.38 0.625 0.5
1238322282.16 0.34375 0.5
1238336151.53 0.34375 0.5
1238338169.34 0.34375 0.5
1238346385.41 0.59375 0.5
1238360642.34 0.65625 0.5
1238392429.81 0.375 0.5
1238426684.41 0.59375 0.5
1238432464.56 0.4375 0.5
1238444728.09 0.34375 0.5
1238492232.72 0.28125 0.5
1238505926.16 0.34375 0.5
1238507835.28 0.34375 0.5
1238517743.69 0.3125 0.5
1238535883.47 0.53125 0.5
1238549141.16 0.34375 0.5
1238559356.34 0.34375 0.5
1238566642.09 0.34375 0.5
1238572050.03 0.34375 0.5
1238574290.34 0.34375 0.5
1238580121.16 0.34375 0.5
1238588142.72 0.34375 0.5
1238594243.59 0.34375 0.5
1238597122.72 0.28125 0.5
1238620465.34 0.65625 0.5
1238649459.03 0.34375 0.5
1238653817.09 0.34375 0.5
1238656537.97 0.34375 0.5
1238664060.97 0.34375 0.5
1238669204.84 0.34375 0.5
1238672986.53 0.34375 0.5
1238674277.41 0.59375 0.5
1238677892.66 0.34375 0.5
1238700195.66 0.34375 0.5
1238702213.75 0.25 0.5
1238719750.97 0.34375 0.5
1238720316.03 0.34375 0.5
1238728031.66 0.34375 0.5
1238733902.28 0.34375 0.5
1238787956.78 0.21875 0.5
1238798807.56 0.4375 0.5
1238823803.53 0.34375 0.5
1238823804.53 0.34375 0.5
1238839071.72 0.34375 0.5
1238854174.47 0.53125 0.5
1238881751.78 0.21875 0.5
1238889366.66 0.34375 0.5
1238893939.25 0.375 0.5
1238893959.56 0.4375 0.5
1238953920.5 0.5 0.5
1239009239.62 0.375 0.5
1239029008.28 0.71875 0.5
1239038232.41 0.34375 0.5
1239045652.62 0.375 0.5
1239045746.34 0.34375 0.5
1239045833.72 0.34375 0.5
1239045878.16 0.34375 0.5
1239045917.38 0.375 0.5
1239046120.47 0.34375 0.5
1239046146.94 0.375 0.5
1239046147.94 0.375 0.5
1239046148.97 0.34375 0.5
1239046157.78 0.34375 0.5
1239046159.31 0.375 0.5
1239046160.72 0.34375 0.5
1239046162.31 0.375 0.5
1239046163.88 0.375 0.5
1239046165.28 0.34375 0.5
1239046166.69 0.375 0.5
1239046168.22 0.34375 0.5
1239046170.16 0.84375 0.5
1239062424.34 0.34375 0.5
1239069074.34 0.34375 0.5
1239070213.47 0.34375 0.5
1239081357.03 0.34375 0.5
1239087275.97 0.34375 0.5
1239091747.81 0.375 0.5
1239101137.84 0.34375 0.5
1239106593.81 0.1875 0.5
1239146846.84 0.34375 0.5
1239168502.59 0.34375 0.5
1239179289.22 0.34375 0.5
1239189040.31 0.6875 0.5
1239221067.44 0.5625 0.5
1239483769.5 0.5 0.5
1239516812.47 0.34375 0.5
1239539281.09 0.34375 0.5
1239555851.78 0.34375 0.5
1239555856.22 0.34375 0.5
1239578135.34 0.65625 0.5
1239583847.38 0.625 0.5
1239596604.97 0.34375 0.5
1239599736.78 0.21875 0.5
1239618317.03 0.34375 0.5
1239619807.66 0.34375 0.5
1239639795.34 0.34375 0.5
1239641384.66 0.34375 0.5
1239692078.31 0.6875 0.5
1239725752.81 0.75 0.5
1239725762.66 1.15625 0.5
1239725767.34 0.53125 0.5
1239725769.38 0.9375 0.5
1239725771.59 0.71875 0.5
1239725772.88 0.375 0.5
1239725773.78 0.34375 0.5
1239725783.09 0.34375 0.5
1239725784.75 0.375 0.5
1239725786.28 0.34375 0.5
1239725787.06 0.375 0.5
1239725806.38 0.75 0.5
1239725807.56 0.375 0.5
1239725808.41 0.34375 0.5
1239725809.16 0.34375 0.5
1239725810.66 0.53125 0.5
1239725812.34 0.53125 0.5
1239725821.94 0.8125 0.5
1239725824.0 1.125 0.5
1239725829.25 0.75 0.5
1239725839.84 0.34375 0.5
1239725848.81 0.75 0.5
1239725850.06 0.375 0.5
1239725861.28 1.40625 0.5
1239725863.81 0.9375 0.5
1239725865.66 0.34375 0.5
1239725866.72 0.40625 0.5
1239725877.62 0.4375 0.5
1239725889.81 0.625 0.5
1239725890.94 0.375 0.5
1239725891.72 0.34375 0.5
1239725893.38 0.375 0.5
1239725894.34 0.46875 0.5
1239725895.97 1.03125 0.5
1239725901.56 0.75 0.5
1239725903.56 1.125 0.5
1239725905.25 0.375 0.5
1239725906.59 0.65625 0.5
1239725909.25 0.4375 0.5
1239725918.59 0.34375 0.5
1239725920.31 0.375 0.5
1239725921.25 0.5 0.5
1239725923.41 1.34375 0.5
1239725926.44 1.25 0.5
1239725928.66 0.34375 0.5
1239725929.72 0.34375 0.5
1239725933.84 0.34375 0.5
1239725941.16 0.78125 0.5
1239725943.0 0.5 0.5
1239725944.81 0.375 0.5
1239725946.47 0.34375 0.5
1239725948.31 0.75 0.5
1239725955.75 0.375 0.5
1239725960.41 0.34375 0.5
1239725962.81 0.4375 0.5
1239725964.78 1.46875 0.5
1239725966.75 0.375 0.5
1239725967.91 0.65625 0.5
1239725975.88 0.75 0.5
1239725977.97 1.03125 0.5
1239725982.41 0.34375 0.5
1239725985.75 0.375 0.5
1239725986.78 0.34375 0.5
1239725991.38 0.375 0.5
1239725992.66 0.34375 0.5
1239725994.0 0.625 0.5
1239725998.66 0.34375 0.5
1239726000.0 0.375 0.5
1239726002.34 0.34375 0.5
1239726015.5 0.75 0.5
1239726017.16 0.34375 0.5
1239726018.22 0.34375 0.5
1239726020.44 0.375 0.5
1239726025.34 0.34375 0.5
1239726029.91 0.34375 0.5
1239726039.56 0.375 0.5
1239726050.56 0.375 0.5
1239733827.28 0.34375 0.5
1239734704.41 0.34375 0.5
1239743875.44 0.375 0.5
1239750582.16 0.34375 0.5
1239754063.59 0.34375 0.5
1239758858.22 0.34375 0.5
1239762095.34 0.65625 0.5
1239787213.53 0.34375 0.5
1239787727.16 0.34375 0.5
1239805968.78 0.34375 0.5
1239806990.41 0.59375 0.5
1239817719.78 0.21875 0.5
1239856937.59 0.34375 0.5
1239926067.5 0.5 0.5
1239960510.75 0.375 0.5
1239964150.75 0.25 0.5
1239980490.56 0.4375 0.5
1239991143.31 0.6875 0.5
1240000763.44 0.5625 0.5
1240005955.41 0.59375 0.5
1240023889.03 0.34375 0.5
1240023890.41 0.59375 0.5
1240035704.84 0.34375 0.5
1240036767.72 0.28125 0.5
1240061300.47 0.53125 0.5
1240080104.97 0.34375 0.5
1240089993.53 0.46875 0.5
1240119902.28 0.34375 0.5
1240167395.97 0.34375 0.5
1240178837.91 0.34375 0.5
1240215704.22 0.34375 0.5
1240230165.25 0.375 0.5
1240268063.28 0.34375 0.5
1240277614.09 0.34375 0.5
1240284924.03 0.34375 0.5
1240293150.91 0.34375 0.5
1240310017.03 0.34375 0.5
1240349088.97 0.34375 0.5
1240351055.34 0.34375 0.5
1240352293.66 0.34375 0.5
1240392341.72 0.34375 0.5
1240420834.53 0.34375 0.5
1240422751.97 0.34375 0.5
1240460306.97 0.34375 0.5
1240473006.53 0.46875 0.5
1240509082.72 0.34375 0.5
1240521886.91 0.34375 0.5
1240531691.91 0.34375 0.5
1240534096.78 0.21875 0.5
1240543298.41 0.59375 0.5
1240551329.41 0.34375 0.5
1240555623.25 0.375 0.5
1240587499.16 0.34375 0.5
1240587615.47 0.53125 0.5
1240598611.72 0.34375 0.5
1240606969.88 0.125 0.5
1240637259.22 0.34375 0.5
1240652776.97 0.34375 0.5
1240654293.53 0.34375 0.5
1240654375.75 0.25 0.5
1240669472.94 0.0625 0.5
1240694424.66 0.34375 0.5
1240698421.53 0.46875 0.5
1240714031.16 0.34375 0.5
1240730295.53 0.34375 0.5
1240732080.34 0.34375 0.5
1240735665.44 0.5625 0.5
1240739913.78 0.34375 0.5
1240748213.47 0.34375 0.5
1240749004.34 0.65625 0.5
1240759616.91 0.34375 0.5
1240780591.47 0.34375 0.5
1240823641.22 0.34375 0.5
1240832481.44 0.5625 0.5
1240851509.47 0.34375 0.5
1240865921.34 0.65625 0.5
1240906094.78 0.34375 0.5
1240906996.69 0.3125 0.5
1240918864.81 0.375 0.5
1240937574.09 0.34375 0.5
1240948613.41 0.34375 0.5
1240951232.66 0.34375 0.5
1240974993.34 0.34375 0.5
1241005705.34 0.65625 0.5
1241013090.47 0.34375 0.5
1241017552.66 0.34375 0.5
1241023183.91 0.34375 0.5
1241033768.78 0.21875 0.5
1241046545.41 0.34375 0.5
1241092249.97 0.34375 0.5
1241104711.34 0.34375 0.5
1241120760.28 0.34375 0.5
1241130366.34 0.34375 0.5
1241142313.03 0.34375 0.5
1241150820.75 0.375 0.5
1241157016.72 0.34375 0.5
1241173826.69 0.3125 0.5
1241214072.31 0.6875 0.5
1241230502.97 0.34375 0.5
1241233643.44 0.5625 0.5
1241270833.53 0.34375 0.5
1241272344.72 0.34375 0.5
1241274983.66 0.34375 0.5
1241275322.5 0.5 0.5
1241324743.75 0.375 0.5
1241342412.22 0.34375 0.5
1241347360.53 0.34375 0.5
1241350781.97 0.34375 0.5
1241352672.59 0.40625 0.5
1241420059.09 0.34375 0.5
1241427059.97 0.34375 0.5
1241430521.72 0.34375 0.5
1241440174.25 0.375 0.5
1241454582.5 0.5 0.5
1241479790.47 0.53125 0.5
1241495461.75 0.25 0.5
1241522593.16 0.34375 0.5
1241525426.34 0.65625 0.5
1241538915.41 0.59375 0.5
1241594338.31 0.6875 0.5
1241616523.59 0.40625 0.5
1241623081.91 0.34375 0.5
1241643867.81 0.375 0.5
1241677958.97 0.34375 0.5
1241720605.09 0.34375 0.5
1241724619.62 0.375 0.5
1241732955.16 0.34375 0.5
1241739853.09 0.34375 0.5
1241750627.91 0.34375 0.5
1241780605.5 0.5 0.5
1241785899.09 0.34375 0.5
1241800052.53 0.34375 0.5
1241809948.34 0.34375 0.5
1241818106.56 0.4375 0.5
1241826831.59 0.34375 0.5
1241827170.31 0.6875 0.5
1241841942.34 0.34375 0.5
1241851290.91 0.34375 0.5
1241875150.53 0.46875 0.5
1241898903.41 0.59375 0.5
1241908135.16 0.34375 0.5
1241908138.53 0.34375 0.5
1241920629.44 0.375 0.5
1241922174.16 0.34375 0.5
1241935487.66 0.34375 0.5
1241936858.31 0.6875 0.5
1241941494.59 0.34375 0.5
1241942320.34 0.34375 0.5
1241969538.31 0.375 0.5
1241993477.34 0.65625 0.5
1242040781.75 0.25 0.5
1242059205.65625 0.34375 0.5
1242078156.96875 0.34375 0.5
1242079003.28125 0.34375 0.5
1242084153.84375 0.15625 0.5
1242153102.34375 0.65625 0.5
1242160666.25 0.75 0.5
1242190238.59375 0.34375 0.5
1242191274.15625 0.34375 0.5
1242200537.84375 0.34375 0.5
1242220010.75 0.25 0.5
1242255608.375 0.625 0.5
1242258585.65625 0.34375 0.5
1242259176.96875 0.34375 0.5
1242267569.8125 0.1875 0.5
1242300705.65625 0.34375 0.5
1242308420.03125 0.34375 0.5
1242316395.5625 0.4375 0.5
1242353508.84375 0.34375 0.5
1242367742.96875 0.34375 0.5
1242389441.40625 0.46875 0.5
1242414394.09375 0.34375 0.5
1242435411.96875 0.34375 0.5
1242461353.96875 0.34375 0.5
1242478466.4375 0.375 0.5
1242507245.53125 0.34375 0.5
1242572150.625 0.5 0.5
1242611437.875 0.375 0.5
1242617961.90625 0.34375 0.5
1242638613.625 0.375 0.5
1242677357.96875 0.34375 0.5
1242687269.75 0.25 0.5
1242702351.71875 0.34375 0.5
1242733670.75 0.375 0.5
1242751740.09375 0.34375 0.5
1242769852.03125 0.34375 0.5
1242773440.03125 0.34375 0.5
1242782948.78125 0.21875 0.5
1242804306.8125 0.375 0.5
1242807943.40625 0.34375 0.5
1242834482.9375 0.375 0.5
1242848592.84375 0.34375 0.5
1242869862.40625 0.34375 0.5
1242870286.65625 0.34375 0.5
1242873874.21875 0.34375 0.5
1242884004.0625 0.375 0.5
1242889305.15625 0.34375 0.5
1242892132.65625 0.34375 0.5
1242930172.65625 0.34375 0.5
1242938654.96875 0.34375 0.5
1242946733.34375 0.34375 0.5
1242956842.84375 0.34375 0.5
1242987755.53125 0.46875 0.5
1243024192.03125 0.34375 0.5
1243066761.78 0.21875 0.5
1243120103.22 0.34375 0.5
1243126850.53 0.34375 0.5
1243131024.41 0.34375 0.5
1243151996.53 0.34375 0.5
1243157705.69 0.375 0.5
1243158575.31 0.6875 0.5
1243171637.0 0.375 0.5
1243184737.0 0.375 0.5
1243226415.78 0.34375 0.5
1243237468.53 0.34375 0.5
1243242471.81 0.1875 0.5
1243257061.03 0.34375 0.5
1243269178.66 0.34375 0.5
1243283796.66 0.34375 0.5
1243304387.28 0.34375 0.5
1243315838.03 0.34375 0.5
1243339338.53 0.46875 0.5
1243345365.72 0.34375 0.5
1243368448.56 0.4375 0.5
1243381521.03 0.34375 0.5
1243396328.97 0.34375 0.5
1243411093.41 0.34375 0.5
1243444983.84 0.34375 0.5
1243450025.03 0.34375 0.5
1243474647.78 0.34375 0.5
1243476690.44 0.375 0.5
1243498359.66 0.34375 0.5
1243510033.41 0.59375 0.5
1243536272.59 0.40625 0.5
1243544803.09 0.34375 0.5
1243575425.59 0.40625 0.5
1243593038.19 0.375 0.5
1243597187.62 0.375 0.5
1243599758.03 0.34375 0.5
1243600789.59 0.34375 0.5
1243620098.47 0.34375 0.5
1243642019.72 0.28125 0.5
1243649661.84 0.34375 0.5
1243656454.03 0.34375 0.5
1243669567.22 0.34375 0.5
1243681694.22 0.34375 0.5
1243688739.16 0.34375 0.5
1243693377.88 0.125 0.5
1243769180.84 0.34375 0.5
1243778934.22 0.34375 0.5
1243790563.56 0.625 0.5
1243792461.53 0.46875 0.5
1243805596.41 0.34375 0.5
1243808493.28 0.71875 0.5
1243819358.44 0.5625 0.5
1243841786.41 0.34375 0.5
1243855871.66 0.34375 0.5
1243866683.62 0.375 0.5
1243887180.53 0.34375 0.5
1243911251.62 0.375 0.5
1243917581.22 0.40625 0.5
1243919467.03 0.34375 0.5
1243922711.47 0.34375 0.5
1243932801.91 0.34375 0.5
1243944822.66 0.34375 0.5
1243947890.28 0.34375 0.5
1243966904.78 0.34375 0.5
1243991842.16 0.34375 0.5
1244012668.91 0.34375 0.5
1244024284.22 0.34375 0.5
1244039752.28 0.34375 0.5
1244052895.75 0.25 0.5
1244062564.09 0.34375 0.5
1244064956.72 0.28125 0.5
1244076496.78 0.34375 0.5
1244098426.75 0.25 0.5
1244107297.97 0.34375 0.5
1244152539.44 0.375 0.5
1244173540.72 0.34375 0.5
1244176171.81 0.375 0.5
1244207827.47 0.34375 0.5
1244208892.38 0.625 0.5
1244221952.41 0.34375 0.5
1244223102.66 0.34375 0.5
1244234979.19 0.375 0.5
1244241299.84 0.34375 0.5
1244254802.72 0.28125 0.5
1244261722.47 0.34375 0.5
1244262915.22 0.46875 0.5
1244327472.59 0.34375 0.5
1244350425.97 0.34375 0.5
1244355481.91 0.34375 0.5
1244371995.59 0.34375 0.5
1244374624.28 0.34375 0.5
1244385539.72 0.34375 0.5
1244406728.19 0.4375 0.5
1244428304.97 0.34375 0.5
1244428436.22 0.34375 0.5
1244439738.06 0.375 0.5
1244444805.09 0.34375 0.5
1244450301.97 0.34375 0.5
1244458918.62 0.375 0.5
1244480936.97 0.34375 0.5
1244507922.72 0.28125 0.5
1244523165.41 0.34375 0.5
1244533390.53 0.40625 0.5
1244563552.47 0.34375 0.5
1244576835.22 0.34375 0.5
1244587519.09 0.34375 0.5
1244605928.38 0.625 0.5
1244621015.16 0.34375 0.5
1244623569.38 0.375 0.5
1244643610.41 0.34375 0.5
1244654051.69 0.4375 0.5
1244657466.78 0.34375 0.5
1244662277.03 0.34375 0.5
1244672025.38 0.375 0.5
1244674328.62 0.375 0.5
1244700940.44 0.5625 0.5
1244728385.47 0.34375 0.5
1244732346.78 0.34375 0.5
1244734425.22 0.34375 0.5
1244738615.09 0.34375 0.5
1244760150.31 0.6875 0.5
1244769790.69 0.3125 0.5
1244775470.72 0.34375 0.5
1244775598.12 0.375 0.5
1244789982.75 0.25 0.5
1244812197.5 0.5 0.5
1244817656.41 0.34375 0.5
1244822589.56 0.4375 0.5
1244836560.66 0.34375 0.5
1244857518.97 0.34375 0.5
1244859593.47 0.53125 0.5
1244862982.22 0.34375 0.5
1244863889.72 0.28125 0.5
1244889245.66 0.34375 0.5
1244900830.25 0.75 0.5
1244934108.78 0.34375 0.5
1244934364.66 0.34375 0.5
1244946701.09 0.34375 0.5
1244948438.66 0.34375 0.5
1244952641.31 0.6875 0.5
1245003962.56 0.4375 0.5
1245033453.41 0.34375 0.5
1245033783.41 0.34375 0.5
1245040901.94 0.375 0.5
1245056006.5 0.5 0.5
1245072351.62 0.375 0.5
1245072352.47 0.34375 0.5
1245080933.03 0.34375 0.5
1245098166.47 0.34375 0.5
1245102829.88 0.625 0.5
1245118480.28 0.34375 0.5
1245125277.91 0.34375 0.5
1245126520.31 0.6875 0.5
1245132314.28 0.34375 0.5
1245136779.41 0.34375 0.5
1245144669.81 0.1875 0.5
1245155154.12 0.375 0.5
1245162623.59 0.34375 0.5
1245172303.41 0.34375 0.5
1245180963.53 0.34375 0.5
1245209927.34 0.34375 0.5
1245220573.72 0.34375 0.5
1245225042.31 0.375 0.5
1245228472.75 0.25 0.5
1245244437.62 0.375 0.5
1245263570.09 0.34375 0.5
1245278953.41 0.59375 0.5
1245296224.5 0.5 0.5
1245323963.84 0.34375 0.5
1245329040.41 0.59375 0.5
1245347248.22 0.34375 0.5
1245347528.72 0.34375 0.5
1245352799.59 0.34375 0.5
1245357700.84 0.34375 0.5
1245364559.88 0.375 0.5
1245368803.03 0.34375 0.5
1245369084.47 0.53125 0.5
1245406293.22 0.34375 0.5
1245406791.56 0.4375 0.5
1245414543.5 0.5 0.5
1245454436.31 0.375 0.5
1245479843.22 0.34375 0.5
1245490525.44 0.5625 0.5
1245549771.94 0.625 0.5
1245551891.88 0.125 0.5
1245600615.34 0.34375 0.5
1245604855.84 0.34375 0.5
1245637315.16 0.34375 0.5
1245661233.47 0.34375 0.5
1245663331.97 0.34375 0.5
1245671992.69 0.3125 0.5
1245719360.53 0.34375 0.5
1245727331.91 0.34375 0.5
1245743180.28 0.34375 0.5
1245751563.03 0.34375 0.5
1245752992.47 0.34375 0.5
1245760953.53 0.34375 0.5
1245774007.75 0.25 0.5
1245787238.16 0.34375 0.5
1245792656.81 0.1875 0.5
1245809326.41 0.59375 0.5
1245824947.72 0.28125 0.5
1245829104.09 0.34375 0.5
1245838271.81 0.375 0.5
1245872653.22 0.34375 0.5
1245879060.28 0.34375 0.5
1245889863.59 0.34375 0.5
1245892055.84 0.34375 0.5
1245901702.78 0.21875 0.5
1245914546.84 0.34375 0.5
1245950797.06 0.375 0.5
1245951014.41 0.34375 0.5
1245960737.03 0.34375 0.5
1245967264.41 0.34375 0.5
1245982359.78 0.34375 0.5
1245983099.03 0.34375 0.5
1246004979.78 0.34375 0.5
1246006359.34 0.34375 0.5
1246019614.97 0.34375 0.5
1246037110.78 0.34375 0.5
1246083000.28 0.34375 0.5
1246094346.84 0.34375 0.5
1246099187.59 0.34375 0.5
1246111532.88 0.375 0.5
1246144626.09 0.34375 0.5
1246145669.72 0.34375 0.5
1246165570.59 0.40625 0.5
1246176076.25 0.375 0.5
1246210676.38 0.375 0.5
1246212503.66 0.34375 0.5
1246215678.69 0.5 0.5
1246215679.59 0.34375 0.5
1246239825.91 0.34375 0.5
1246246023.28 0.34375 0.5
1246250006.91 0.34375 0.5
1246250393.59 0.40625 0.5
1246262753.59 0.34375 0.5
1246282705.56 0.4375 0.5
1246297167.47 0.53125 0.5
1246311661.34 0.40625 0.5
1246341564.34 0.34375 0.5
1246360735.5 0.5 0.5
1246367977.69 0.3125 0.5
1246401110.72 0.34375 0.5
1246407329.41 0.34375 0.5
1246416679.22 0.34375 0.5
1246418725.47 0.53125 0.5
1246469621.66 0.34375 0.5
1246471688.28 0.34375 0.5
1246478313.59 0.34375 0.5
1246512137.59 0.34375 0.5
1246525368.53 0.34375 0.5
1246527735.22 0.34375 0.5
1246545917.38 0.625 0.5
1246548713.66 0.34375 0.5
1246561568.59 0.34375 0.5
1246571787.16 0.34375 0.5
1246580438.66 0.34375 0.5
1246588988.31 0.6875 0.5
1246600106.34 0.34375 0.5
1246616382.97 0.34375 0.5
1246646575.78 0.21875 0.5
1246664805.47 0.34375 0.5
1246666050.97 0.34375 0.5
1246668647.22 0.34375 0.5
1246669946.16 0.34375 0.5
1246680165.91 0.34375 0.5
1246703640.0 1.0 0.5
1246754213.78 0.21875 0.5
1246768017.09 0.34375 0.5
1246792206.84 0.34375 0.5
1246801081.78 0.59375 0.5
1246802023.34 0.34375 0.5
1246804347.44 0.375 0.5
1246806227.28 0.34375 0.5
1246812416.25 0.75 0.5
1246830838.47 0.34375 0.5
1246835938.59 0.34375 0.5
1246845111.34 0.34375 0.5
1246848764.34 0.34375 0.5
1246859257.34 0.65625 0.5
1246888682.72 0.34375 0.5
1246919875.84 0.34375 0.5
1246929475.47 0.34375 0.5
1246938608.56 0.4375 0.5
1247285057.44 0.5625 0.5
1247321411.44 0.5625 0.5
1247343222.97 0.34375 0.5
1247343502.16 0.34375 0.5
1247348163.38 0.625 0.5
1247367014.72 0.34375 0.5
1247372948.59 0.40625 0.5
1247409213.09 0.34375 0.5
1247412069.72 0.28125 0.5
1247420480.56 0.4375 0.5
1247434933.34 0.34375 0.5
1247436510.66 0.34375 0.5
1247440682.59 0.34375 0.5
1247463169.28 0.34375 0.5
1247464916.84 0.34375 0.5
1247482070.38 0.625 0.5
1247487804.78 0.21875 0.5
1247501157.62 0.375 0.5
1247508080.41 0.59375 0.5
1247535881.59 0.40625 0.5
1247548188.78 0.21875 0.5
1247557865.72 0.34375 0.5
1247559064.62 0.4375 0.5
1247565428.59 0.34375 0.5
1247569379.78 0.34375 0.5
1247577183.97 0.34375 0.5
1247594136.5 0.5 0.5
1247598628.41 0.59375 0.5
1247602632.84 0.34375 0.5
1247609529.0 1.0 0.5
1247620852.31 0.6875 0.5
1247629673.5 0.5 0.5
1247682798.03 0.34375 0.5
1247712401.28 0.34375 0.5
1247734064.41 0.34375 0.5
1247750678.56 0.375 0.5
1247758554.53 0.46875 0.5
1247802024.78 0.34375 0.5
1247810879.16 0.34375 0.5
1247823599.34 0.34375 0.5
1247848147.47 0.53125 0.5
1247864519.84 0.34375 0.5
1247882880.34 0.34375 0.5
1247913488.69 0.375 0.5
1247917159.47 0.34375 0.5
1247922401.53 0.46875 0.5
1247964454.72 0.34375 0.5
1247967330.97 0.34375 0.5
1247968137.78 0.34375 0.5
1247975461.41 0.34375 0.5
1247986797.28 0.34375 0.5
1247990273.91 0.34375 0.5
1248017195.31 0.6875 0.5
1248019734.44 0.375 0.5
1248028806.66 0.34375 0.5
1248033727.41 0.34375 0.5
1248048217.84 0.34375 0.5
1248069390.5 0.5 0.5
1248081842.03 0.34375 0.5
1248090866.41 0.34375 0.5
1248115438.75 0.375 0.5
1248153517.28 0.34375 0.5
1248173490.09 0.34375 0.5
1248181948.53 0.34375 0.5
1248196173.41 0.34375 0.5
1248223937.75 0.25 0.5
1248240776.03 0.34375 0.5
1248249724.62 0.375 0.5
1248254600.47 0.53125 0.5
1248274404.09 0.34375 0.5
1248285364.03 0.34375 0.5
1248285991.53 0.34375 0.5
1248287613.41 0.34375 0.5
1248290036.16 0.34375 0.5
1248302747.62 0.375 0.5
1248305067.34 0.34375 0.5
1248310243.41 0.34375 0.5
1248318051.84 0.40625 0.5
1248321995.59 0.34375 0.5
1248327900.41 0.34375 0.5
1248335604.47 0.34375 0.5
1248350483.09 0.34375 0.5
1248366866.09 0.34375 0.5
1248370846.75 0.375 0.5
1248401314.66 0.34375 0.5
1248404248.03 0.34375 0.5
1248407099.97 0.34375 0.5
1248411042.66 0.34375 0.5
1248423032.25 0.375 0.5
1248429181.34 0.34375 0.5
1248438872.03 0.34375 0.5
1248448803.94 0.375 0.5
1248460971.94 0.6875 0.5
1248477783.28 0.34375 0.5
1248487984.69 0.375 0.5
1248508804.44 0.5625 0.5
1248571928.09 0.34375 0.5
1248571932.41 0.59375 0.5
1248587955.72 0.28125 0.5
1248598118.09 0.34375 0.5
1248622347.53 0.46875 0.5
1248648331.69 0.3125 0.5
1248652555.84 0.15625 0.5
1248655823.41 0.34375 0.5
1248655827.78 0.21875 0.5
1248659529.72 0.28125 0.5
1248665444.69 0.3125 0.5
1248686611.03 0.34375 0.5
1248690878.59 0.34375 0.5
1248692537.47 0.34375 0.5
1248720506.88 0.125 0.5
1248736651.69 0.3125 0.5
1248745545.22 0.34375 0.5
1248758539.53 0.34375 0.5
1248765230.44 0.5625 0.5
1248773237.91 0.34375 0.5
1248781582.47 0.34375 0.5
1248783839.72 0.28125 0.5
1248806722.78 0.34375 0.5
1248807823.44 0.375 0.5
1248810362.41 0.34375 0.5
1248825107.81 0.375 0.5
1248828699.53 0.46875 0.5
1248852082.22 0.34375 0.5
1248866124.34 0.65625 0.5
1248877450.41 0.34375 0.5
1248880535.66 0.34375 0.5
1248943171.47 0.34375 0.5
1248952712.75 0.25 0.5
1249008960.41 0.34375 0.5
1249012535.03 0.34375 0.5
1249017524.03 0.34375 0.5
1249017524.78 0.34375 0.5
1249033500.97 0.34375 0.5
1249070770.97 0.34375 0.5
1249081443.69 0.3125 0.5
1249091357.53 0.34375 0.5
1249096905.22 0.34375 0.5
1249101836.91 0.34375 0.5
1249102902.34 0.65625 0.5
1249107831.47 0.34375 0.5
1249109754.66 0.34375 0.5
1249122566.72 0.34375 0.5
1249134788.59 0.34375 0.5
1249176536.75 0.25 0.5
1249180934.34 0.34375 0.5
1249192958.53 0.46875 0.5
1249208055.09 0.34375 0.5
1249212867.47 0.53125 0.5
1249217726.28 0.34375 0.5
1249230599.47 0.34375 0.5
1249230700.41 0.59375 0.5
1249251774.09 0.34375 0.5
1249259201.34 0.65625 0.5
1249275857.25 0.375 0.5
1249295532.47 0.53125 0.5
1249300168.53 0.34375 0.5
1249301878.53 0.46875 0.5
1249307290.66 0.34375 0.5
1249329706.59 0.34375 0.5
1249342425.44 0.375 0.5
1249347929.22 0.34375 0.5
1249354375.53 0.34375 0.5
1249362584.22 0.34375 0.5
1249404919.78 0.34375 0.5
1249407906.16 0.34375 0.5
1249408902.16 0.34375 0.5
1249423777.31 0.6875 0.5
1249451210.66 0.34375 0.5
1249472896.28 0.34375 0.5
1249478838.22 0.34375 0.5
1249493685.62 0.375 0.5
1249517168.59 0.34375 0.5
1249544985.34 0.34375 0.5
1249558504.97 0.34375 0.5
1249568718.41 0.59375 0.5
1249605200.34 0.65625 0.5
1249612632.66 0.34375 0.5
1249644171.28 0.34375 0.5
1249664965.34 0.34375 0.5
1249676652.16 0.34375 0.5
1249677000.16 0.34375 0.5
1249677955.44 0.5625 0.5
1249691723.66 0.34375 0.5
1249694020.78 0.34375 0.5
1249709589.56 0.375 0.5
1249713617.31 0.6875 0.5
1249719349.81 0.5 0.5
1249759154.72 0.28125 0.5
1249764123.41 0.34375 0.5
1249772206.47 0.53125 0.5
1249794840.25 0.375 0.5
1249808631.78 0.34375 0.5
1249823451.66 0.34375 0.5
1249824129.97 0.34375 0.5
1249845736.47 0.53125 0.5
1249854015.41 0.59375 0.5
1249876097.78125 0.34375 0.5
1249895751.65625 0.46875 0.5
1249923462.71875 0.28125 0.5
1249950802.59375 0.40625 0.5
1249955780.28125 0.71875 0.5
1249975585.65625 0.34375 0.5
1249986690.90625 0.34375 0.5
1250005566.59375 0.40625 0.5
1250013047.1875 0.375 0.5
1250036405.125 0.4375 0.5
1250039099.40625 0.59375 0.5
1250056722.46875 0.34375 0.5
1250061663.84375 0.34375 0.5
1250066488.40625 0.34375 0.5
1250076671.78125 0.34375 0.5
1250083371.71875 0.34375 0.5
1250101321.59375 0.34375 0.5
1250103649.46875 0.34375 0.5
1250104949.71875 0.34375 0.5
1250117999.65625 0.34375 0.5
1250130428.78125 0.34375 0.5
1250144183.90625 0.34375 0.5
1250146761.6875 0.3125 0.5
1250155251.59375 0.34375 0.5
1250158584.59375 0.34375 0.5
1250175767.59375 0.40625 0.5
1250188570.59375 0.34375 0.5
1250192070.28125 0.34375 0.5
1250223362.65625 0.34375 0.5
1250273380.59375 0.34375 0.5
1250279125.8125 0.1875 0.5
1250290772.21875 0.34375 0.5
1250309446.78125 0.34375 0.5
1250321771.46875 0.34375 0.5
1250362924.09375 0.34375 0.5
1250399988.34375 0.34375 0.5
1250407331.8125 0.375 0.5
1250409456.96875 0.34375 0.5
1250413192.28125 0.34375 0.5
1250417591.3125 0.6875 0.5
1250427484.3125 0.6875 0.5
1250453549.8125 0.1875 0.5
1250486688.34375 0.34375 0.5
1250513149.0625 0.375 0.5
1250518370.03125 0.34375 0.5
1250535778.21875 0.34375 0.5
1250543180.75 0.25 0.5
1250551097.71875 0.28125 0.5
1250592913.0625 0.375 0.5
1250602414.21875 0.34375 0.5
1250664982.6875 0.375 0.5
1250674345.5625 0.375 0.5
1250675723.71875 0.34375 0.5
1250703447.40625 0.59375 0.5
1250744517.90625 0.34375 0.5
1250759447.71875 0.34375 0.5
1250761260.3125 0.625 0.5
1250777837.65625 0.34375 0.5
1250778637.90625 0.34375 0.5
1250795385.375 0.625 0.5
1250800797.71875 0.53125 0.5
1250809451.28125 0.34375 0.5
1250818559.78125 0.21875 0.5
1250823831.40625 0.34375 0.5
1250836739.03125 0.34375 0.5
1250840304.40625 0.34375 0.5
1250866787.65625 0.34375 0.5
1250871661.53125 0.34375 0.5
1250886096.65625 0.34375 0.5
1250886568.84375 0.34375 0.5
1250892524.6875 0.3125 0.5
1250943562.15625 0.34375 0.5
1250979760.375 0.375 0.5
1250981136.34375 0.34375 0.5
1250983497.03125 0.34375 0.5
1250987016.40625 0.59375 0.5
1251005401.84375 0.34375 0.5
1251005403.03125 0.34375 0.5
1251018673.4375 0.5625 0.5
1251027294.5625 0.4375 0.5
1251034173.65625 0.34375 0.5
1251037905.71875 0.28125 0.5
1251043718.84375 0.34375 0.5
1251052171.15625 0.65625 0.5
1251063945.96875 0.34375 0.5
1251069021.34375 0.34375 0.5
1251074577.40625 0.59375 0.5
1251080734.34375 0.65625 0.5
1251093781.4375 0.5625 0.5
1251098237.4375 0.5625 0.5
1251104652.375 0.625 0.5
1251151563.53125 0.34375 0.5
1251154097.53125 0.46875 0.5
1251217479.34375 0.34375 0.5
1251227414.84375 0.34375 0.5
1251229575.71875 0.34375 0.5
1251247233.03125 0.34375 0.5
1251279741.84375 0.34375 0.5
1251287654.59375 0.40625 0.5
1251303281.84375 0.34375 0.5
1251309565.28125 0.34375 0.5
1251325254.9375 0.375 0.5
1251326171.53125 0.34375 0.5
1251346424.71875 0.34375 0.5
1251349204.59375 0.40625 0.5
1251363855.53125 0.34375 0.5
1251384001.71875 0.28125 0.5
1251389904.78125 0.21875 0.5
1251396082.5625 0.4375 0.5
1251452695.75 0.25 0.5
1251473635.28125 0.34375 0.5
1251500746.75 0.25 0.5
1251532171.375 0.625 0.5
1251546355.15625 0.34375 0.5
1251549146.96875 0.34375 0.5
1251553190.65625 0.34375 0.5
1251590062.90625 0.34375 0.5
1251669490.65625 0.34375 0.5
1251680251.03125 0.34375 0.5
1251697512.65625 0.34375 0.5
1251721291.65625 0.34375 0.5
1251728648.5 0.5 0.5
1251731791.5 0.5 0.5
1251751399.15625 0.34375 0.5
1251753972.28125 0.71875 0.5
1251757034.8125 0.375 0.5
1251761217.46875 0.34375 0.5
1251795401.96875 0.34375 0.5
1251802780.15625 0.34375 0.5
1251823685.28125 0.34375 0.5
1251832679.15625 0.34375 0.5
1251843066.90625 0.34375 0.5
1251851786.40625 0.34375 0.5
1251858777.4375 0.5625 0.5
1251861741.40625 0.34375 0.5
1251874390.96875 0.34375 0.5
1251880316.375 0.625 0.5
1251899102.03125 0.34375 0.5
1251914338.15625 0.34375 0.5
1251915348.40625 0.40625 0.5
1251917176.3125 0.5 0.5
1251961897.03125 0.34375 0.5
1251971101.40625 0.34375 0.5
1252004333.53125 0.34375 0.5
1252006908.71875 0.28125 0.5
1252015022.78125 0.21875 0.5
1252027453.03125 0.34375 0.5
1252033215.59375 0.34375 0.5
1252035447.3125 0.375 0.5
1252036442.40625 0.59375 0.5
1252043250.03125 0.34375 0.5
1252065372.28125 0.34375 0.5
1252078131.84375 0.34375 0.5
1252094517.25 0.375 0.5
1252098237.71875 0.34375 0.5
1252109801.09375 0.34375 0.5
1252119853.78125 0.34375 0.5
1252122137.75 0.375 0.5
1252137283.21875 0.34375 0.5
1252158674.6875 0.3125 0.5
1252184168.4375 0.5625 0.5
1252194678.21875 0.34375 0.5
1252213266.0625 0.4375 0.5
1252223692.28125 0.34375 0.5
1252240403.53125 0.34375 0.5
1252240813.71875 0.34375 0.5
1252246131.59375 0.34375 0.5
1252251676.75 0.5 0.5
1252306496.78125 0.34375 0.5
1252311688.40625 0.34375 0.5
1252315592.59375 0.40625 0.5
1252327182.59375 0.40625 0.5
1252332736.15625 0.34375 0.5
1252346670.28125 0.34375 0.5
1252353298.90625 0.34375 0.5
1252356960.625 0.375 0.5
1252374057.21875 0.34375 0.5
1252374062.625 0.375 0.5
1252388914.59375 0.34375 0.5
1252389031.4375 0.375 0.5
1252440611.5 0.5 0.5
1252455026.625 0.375 0.5
1252460016.0625 0.4375 0.5
1252460993.78125 0.34375 0.5
1252467856.1875 0.5 0.5
1252474597.46875 0.34375 0.5
1252489901.65625 0.34375 0.5
1252551484.34375 0.34375 0.5
1252571553.78125 0.34375 0.5
1252576051.65625 0.34375 0.5
1252588225.53125 0.34375 0.5
1252629739.4375 0.375 0.5
1252635206.90625 0.34375 0.5
1252636138.59375 0.34375 0.5
1252636533.40625 0.34375 0.5
1252645109.75 0.375 0.5
1252651569.78125 0.21875 0.5
1252663964.28125 0.34375 0.5
1252718691.65625 0.34375 0.5
1252745124.59375 0.34375 0.5
1252785538.28125 0.71875 0.5
1252800191.53125 0.46875 0.5
1252803708.28125 0.71875 0.5
1252819603.53125 0.34375 0.5
1252822488.90625 0.34375 0.5
1252834312.46875 0.34375 0.5
1252851202.125 0.375 0.5
1252856248.46875 0.34375 0.5
1252856777.28125 0.34375 0.5
1252863212.03125 0.34375 0.5
1252870845.78125 0.34375 0.5
1252874913.59375 0.34375 0.5
1252880639.46875 0.53125 0.5
1252916969.4375 0.375 0.5
1252926933.34375 0.34375 0.5
1252960161.65625 0.34375 0.5
1252960622.90625 0.34375 0.5
1252968300.84375 0.34375 0.5
1253003693.90625 0.34375 0.5
1253019067.28125 0.34375 0.5
1253026093.53125 0.34375 0.5
1253053298.65625 0.46875 0.5
1253060325.84375 0.34375 0.5
1253085422.21875 0.34375 0.5
1253108623.53125 0.46875 0.5
1253157617.78125 0.34375 0.5
1253172322.28125 0.34375 0.5
1253192426.0625 0.5 0.5
1253193596.71875 0.34375 0.5
1253201134.21875 0.34375 0.5
1253215607.875 0.375 0.5
1253216663.40625 0.34375 0.5
1253217046.90625 0.34375 0.5
1253242893.9375 0.375 0.5
1253271082.03125 0.34375 0.5
1253271208.28125 0.34375 0.5
1253273003.5625 0.4375 0.5
1253290824.53125 0.46875 0.5
1253300465.59375 0.34375 0.5
1253319887.96875 0.34375 0.5
1253331046.71875 0.28125 0.5
1253345929.71875 0.34375 0.5
1253353952.90625 0.34375 0.5
1253366001.4375 0.375 0.5
1253369525.9375 0.0625 0.5
1253421240.96875 0.34375 0.5
1253435166.40625 0.34375 0.5
1253438590.28125 0.34375 0.5
1253438689.78125 0.34375 0.5
1253441684.28125 0.34375 0.5
1253452571.90625 0.34375 0.5
1253467188.34375 0.34375 0.5
1253467778.21875 0.34375 0.5
1253479064.15625 0.34375 0.5
1253485754.46875 0.34375 0.5
1253491854.6875 0.3125 0.5
1253518042.28125 0.34375 0.5
1253521838.78125 0.34375 0.5
1253532679.34375 0.34375 0.5
1253572850.75 0.25 0.5
1253598074.65625 0.34375 0.5
1253599623.15625 0.34375 0.5
1253627474.03125 0.34375 0.5
1253627646.53125 0.34375 0.5
1253632991.03125 0.34375 0.5
1253641354.90625 0.34375 0.5
1253656845.59375 0.40625 0.5
1253668536.78125 0.34375 0.5
1253679901.96875 0.34375 0.5
1253680815.03125 0.34375 0.5
1253700544.46875 0.34375 0.5
1253722242.03125 0.34375 0.5
1253733378.28125 0.34375 0.5
1253759132.625 0.375 0.5
1253782918.46875 0.34375 0.5
1253794735.8125 0.375 0.5
1253808555.34375 0.65625 0.5
1253848125.96875 0.34375 0.5
1253857263.78125 0.34375 0.5
1253865612.46875 0.53125 0.5
1253878751.9375 0.375 0.5
1253890046.625 0.375 0.5
1253898124.90625 0.34375 0.5
1253902735.3125 0.6875 0.5
1253911867.65625 0.34375 0.5
1253912166.40625 0.34375 0.5
1253928336.15625 0.34375 0.5
1253933417.53125 0.34375 0.5
1253938243.03125 0.34375 0.5
1253939427.46875 0.34375 0.5
1253940412.65625 0.34375 0.5
1253946514.625 0.375 0.5
1253959589.375 0.375 0.5
1253963328.5 0.375 0.5
1253967510.21875 0.34375 0.5
1253968450.65625 0.34375 0.5
1256437458.59375 0.34375 0.5
1256438373.46875 0.34375 0.5
1256442938.40625 0.59375 0.5
1256465791.15625 0.34375 0.5
1256477110.84375 0.34375 0.5
1256493984.71875 0.28125 0.5
1256520882.46875 0.53125 0.5
1256536456.46875 0.34375 0.5
1256543471.65625 0.34375 0.5
1256594947.46875 0.34375 0.5
1256600769.46875 0.34375 0.5
1256607190.75 0.25 0.5
1256619100.03125 0.34375 0.5
1256632428.09375 0.34375 0.5
1256633526.65625 0.34375 0.5
1256637463.28125 0.34375 0.5
1256646352.96875 0.34375 0.5
1256657742.5625 0.4375 0.5
1256697194.84375 0.34375 0.5
1256732143.34375 0.34375 0.5
1256746193.90625 0.34375 0.5
1256748059.0 0.375 0.5
1256750437.46875 0.34375 0.5
1256756712.5625 0.4375 0.5
1256770876.34375 0.34375 0.5
1256776269.40625 0.34375 0.5
1256779759.25 0.375 0.5
1256785170.4375 0.375 0.5
1256788297.25 0.4375 0.5
1256794429.78125 0.34375 0.5
1256798951.71875 0.28125 0.5
1256829807.4375 0.375 0.5
1256830809.46875 0.34375 0.5
1256831311.28125 0.34375 0.5
1256836970.53125 0.34375 0.5
1256878852.78125 0.34375 0.5
1256898892.75 0.375 0.5
1256909966.25 0.375 0.5
1256910779.75 0.25 0.5
1256923521.53125 0.46875 0.5
1256932312.375 0.625 0.5
1256935087.40625 0.34375 0.5
1256939268.53125 0.34375 0.5
1256944208.53125 0.46875 0.5
1256960008.40625 0.34375 0.5
1256960693.09375 0.34375 0.5
1256964730.28125 0.34375 0.5
1256978183.21875 0.34375 0.5
1256978870.28125 0.34375 0.5
1256999841.125 0.375 0.5
1257004156.46875 0.53125 0.5
1257025338.90625 0.34375 0.5
1257052275.65625 0.34375 0.5
1257052534.59375 0.46875 0.5
1257071420.375 0.625 0.5
1257088309.90625 0.34375 0.5
1257096687.03125 0.34375 0.5
1257112348.3125 0.6875 0.5
1257143132.15625 0.34375 0.5
1257156374.28125 0.34375 0.5
1257160891.375 0.375 0.5
1257163092.46875 0.34375 0.5
1257163424.96875 0.34375 0.5
1257167331.40625 0.34375 0.5
1257170747.0625 0.375 0.5
1257170750.46875 0.34375 0.5
1257174583.21875 0.34375 0.5
1257180795.3125 0.6875 0.5
1257233961.65625 0.34375 0.5
1257242689.65625 0.34375 0.5
1257277674.40625 0.34375 0.5
1257288044.0625 1.25 0.5
1257288714.59375 0.34375 0.5
1257305573.625 0.5625 0.5
1257308791.0 0.625 0.5
1257311820.59375 0.34375 0.5
1257319723.03125 0.34375 0.5
1257324511.09375 0.34375 0.5
1257325177.46875 0.34375 0.5
1257325880.59375 0.34375 0.5
1257326806.375 0.625 0.5
1257372908.09375 0.34375 0.5
1257387258.5 0.5 0.5
1257397665.34375 0.40625 0.5
1257399533.84375 0.34375 0.5
1257403318.21875 0.34375 0.5
1257412448.34375 0.65625 0.5
1257415881.84375 0.34375 0.5
1257419020.46875 0.34375 0.5
1257429112.15625 0.34375 0.5
1257432327.28125 0.34375 0.5
1257438810.90625 0.34375 0.5
1257446694.28125 0.34375 0.5
1257547102.46875 0.34375 0.5
1257550142.65625 0.34375 0.5
1257563841.96875 0.34375 0.5
1257570588.40625 0.59375 0.5
1257647100.03125 0.34375 0.5
1257650411.8125 0.375 0.5
1257667504.78125 0.34375 0.5
1257675677.15625 0.34375 0.5
1257680478.96875 0.34375 0.5
1257685622.46875 0.34375 0.5
1257685647.59375 0.84375 0.5
1257685669.03125 0.34375 0.5
1257685670.90625 0.90625 0.5
1257685695.5 0.5625 0.5
1257685854.21875 0.40625 0.5
1257685855.46875 0.65625 0.5
1257685884.09375 0.59375 0.5
1257686522.8125 0.5 0.5
1257686637.84375 0.34375 0.5
1257686880.84375 0.59375 0.5
1257686883.15625 0.59375 0.5
1257687121.71875 0.40625 0.5
1257687279.5 0.375 0.5
1257687327.84375 0.34375 0.5
1257687357.40625 1.40625 0.5
1257687371.71875 0.34375 0.5
1257687383.96875 0.40625 0.5
1257687394.15625 0.46875 0.5
1257687406.5 0.375 0.5
1257687410.40625 0.46875 0.5
1257687413.1875 1.0 0.5
1257687415.5 0.8125 0.5
1257687417.25 0.875 0.5
1257687419.59375 0.71875 0.5
1257687423.28125 0.46875 0.5
1257687426.5 0.375 0.5
1257687440.34375 0.84375 0.5
1257687442.53125 0.34375 0.5
1257687455.4375 0.375 0.5
1257687462.5 0.5625 0.5
1257687472.5625 0.6875 0.5
1257687477.0 1.1875 0.5
1257687489.03125 0.53125 0.5
1257687550.21875 0.34375 0.5
1257687563.59375 0.46875 0.5
1257687576.75 0.5 0.5
1257687587.59375 0.34375 0.5
1257687611.71875 0.34375 0.5
1257687680.21875 0.59375 0.5
1257687745.0 0.8125 0.5
1257687758.34375 0.34375 0.5
1257687759.5 0.625 0.5
1257687806.6875 0.375 0.5
1257687819.4375 0.375 0.5
1257687839.90625 0.78125 0.5
1257687841.96875 0.34375 0.5
1257687845.21875 1.09375 0.5
1257687849.96875 0.40625 0.5
1257687851.65625 0.65625 0.5
1257687853.21875 0.59375 0.5
1257687863.5625 0.4375 0.5
1257687887.28125 0.78125 0.5
1257687929.84375 0.34375 0.5
1257687930.875 0.375 0.5
1257687959.71875 0.40625 0.5
1257687961.90625 0.59375 0.5
1257688014.375 0.375 0.5
1257688078.375 0.375 0.5
1257688079.1875 0.375 0.5
1257688101.5 0.625 0.5
1257688104.03125 0.34375 0.5
1257688109.59375 0.34375 0.5
1257688120.21875 0.53125 0.5
1257688131.40625 0.53125 0.5
1257688132.875 0.4375 0.5
1257688143.0 0.875 0.5
1257688162.5625 0.375 0.5
1257688165.03125 0.34375 0.5
1257688192.8125 0.375 0.5
1257688199.4375 1.125 0.5
1257688245.25 0.375 0.5
1257688247.71875 0.53125 0.5
1257688271.40625 1.40625 0.5
1257688273.28125 0.34375 0.5
1257688286.375 0.9375 0.5
1257688311.75 0.375 0.5
1257688345.40625 0.53125 0.5
1257688368.65625 0.46875 0.5
1257688369.71875 0.40625 0.5
1257688394.46875 0.40625 0.5
1257688397.78125 1.34375 0.5
1257688433.71875 0.34375 0.5
1257688484.3125 1.1875 0.5
1257688509.875 0.5 0.5
1257688541.25 0.5 0.5
1257688544.40625 0.40625 0.5
1257688571.53125 0.34375 0.5
1257688599.71875 0.46875 0.5
1257688628.125 0.5625 0.5
1257688648.1875 0.9375 0.5
1257688679.96875 0.34375 0.5
1257688700.625 1.375 0.5
1257688703.53125 0.78125 0.5
1257688705.4375 0.5625 0.5
1257688785.84375 0.34375 0.5
1257688787.75 0.875 0.5
1257688790.125 0.8125 0.5
1257688834.59375 0.53125 0.5
1257688836.6875 0.875 0.5
1257688973.59375 0.46875 0.5
1257688975.125 0.5 0.5
1257689152.0625 0.9375 0.5
1257689154.0625 0.375 0.5
1257689235.96875 0.59375 0.5
1257689271.28125 0.84375 0.5
1257689352.6875 0.5625 0.5
1257689355.4375 0.6875 0.5
1257689375.28125 0.34375 0.5
1257689376.71875 0.59375 0.5
1257689379.21875 0.53125 0.5
1257689785.84375 0.34375 0.5
1257689808.9375 0.375 0.5
1257689809.875 0.375 0.5
1257689831.71875 0.34375 0.5
1257689833.75 0.75 0.5
1257689855.125 0.5625 0.5
1257689856.34375 0.34375 0.5
1257728986.21875 0.40625 0.5
1257728987.78125 1.09375 0.5
1257728993.1875 0.375 0.5
1257728994.84375 0.34375 0.5
1257729012.03125 0.34375 0.5
1257729013.25 0.8125 0.5
1257729079.75 0.75 0.5
1257729083.71875 0.71875 0.5
1257729084.90625 0.40625 0.5
1257729100.53125 0.34375 0.5
1257729259.71875 0.78125 0.5
1257729282.5625 1.125 0.5
1257729417.40625 0.59375 0.5
1257733455.6875 0.75 0.5
1257733457.625 0.375 0.5
1257733481.875 0.375 0.5
1257733498.34375 0.34375 0.5
1257733499.9375 1.125 0.5
1257733501.46875 0.34375 0.5
1257733502.21875 0.34375 0.5
1257733551.59375 1.09375 0.5
1257733575.125 1.125 0.5
1257733667.5 0.375 0.5
1257733669.09375 0.34375 0.5
1257733674.59375 0.34375 0.5
1257733746.65625 0.34375 0.5
1257733750.5625 0.375 0.5
1257733773.6875 0.75 0.5
1257733777.59375 0.78125 0.5
1257733795.1875 1.1875 0.5
1257733839.0 0.375 0.5
1257733839.875 0.375 0.5
1257733847.71875 0.34375 0.5
1257733868.03125 0.34375 0.5
1257733869.625 0.375 0.5
1257733881.03125 0.71875 0.5
1257733882.84375 0.34375 0.5
1257733930.25 0.75 0.5
1257734026.1875 0.375 0.5
1257734067.03125 0.34375 0.5
1257734102.65625 0.71875 0.5
1257734198.21875 0.71875 0.5
1257734200.53125 0.78125 0.5
1257734229.1875 0.375 0.5
1257734229.96875 0.34375 0.5
1257734232.21875 0.34375 0.5
1257734287.90625 0.40625 0.5
1257734312.21875 0.34375 0.5
1257734318.03125 0.78125 0.5
1257734319.21875 0.34375 0.5
1257734335.25 0.75 0.5
1257734336.5 0.375 0.5
1257734338.40625 0.78125 0.5
1257734354.5 0.375 0.5
1257734357.21875 0.71875 0.5
1257734360.71875 1.15625 0.5
1257734380.375 0.375 0.5
1257734382.71875 0.40625 0.5
1257734384.28125 0.34375 0.5
1257734385.0625 0.375 0.5
1257734386.65625 0.40625 0.5
1257734404.625 1.125 0.5
1257734407.78125 0.34375 0.5
1257734408.9375 0.75 0.5
1257734424.21875 0.34375 0.5
1257734424.96875 0.34375 0.5
1257734450.09375 0.34375 0.5
1257734451.65625 0.34375 0.5
1257734452.78125 0.71875 0.5
1257734458.6875 1.1875 0.5
1257734502.15625 0.78125 0.5
1257734503.375 0.375 0.5
1257734535.84375 0.71875 0.5
1257734559.71875 0.34375 0.5
1257734579.6875 0.75 0.5
1257734581.3125 0.75 0.5
1257734582.875 0.75 0.5
1257734587.15625 1.15625 0.5
1257734652.9375 0.375 0.5
1257734653.71875 0.34375 0.5
1257734654.875 0.75 0.5
1257734676.5 0.375 0.5
1257734682.71875 0.34375 0.5
1257734685.03125 0.34375 0.5
1257734752.46875 0.34375 0.5
1257734754.0 0.375 0.5
1257734758.65625 1.09375 0.5
1257734785.34375 0.34375 0.5
1257734786.46875 0.71875 0.5
1257734819.03125 1.21875 0.5
1257734821.78125 0.71875 0.5
1257734824.125 0.75 0.5
1257734825.28125 0.34375 0.5
1257734826.8125 0.375 0.5
1257734854.25 0.375 0.5
1257734856.21875 0.71875 0.5
1257734875.46875 1.15625 0.5
1257734884.0 0.375 0.5
1257734884.8125 0.375 0.5
1257734926.34375 1.21875 0.5
1257734931.40625 0.71875 0.5
1257734950.65625 0.34375 0.5
1257734956.15625 0.34375 0.5
1257734975.65625 0.34375 0.5
1257735006.3125 1.125 0.5
1257735007.84375 0.34375 0.5
1257735008.96875 0.71875 0.5
1257735011.28125 0.71875 0.5
1257735014.03125 1.15625 0.5
1257735016.8125 0.75 0.5
1257735038.375 0.375 0.5
1257735039.84375 0.34375 0.5
1257735074.40625 0.34375 0.5
1257735075.15625 0.34375 0.5
1257735077.53125 1.21875 0.5
1257735100.3125 1.1875 0.5
1257735102.59375 0.34375 0.5
1257735105.375 0.75 0.5
1257735116.65625 0.34375 0.5
1257735142.125 0.75 0.5
1257735148.84375 0.34375 0.5
1257735149.625 0.375 0.5
1257735151.9375 0.375 0.5
1257735198.875 0.375 0.5
1257735199.6875 0.375 0.5
1257735221.25 0.75 0.5
1257735222.53125 0.34375 0.5
1257735245.5625 0.75 0.5
1257735247.15625 0.71875 0.5
1257735269.03125 1.46875 0.5
1257735298.8125 0.6875 0.5
1257735300.40625 0.71875 0.5
1257735301.53125 0.34375 0.5
1257735324.28125 0.34375 0.5
1257735345.09375 0.78125 0.5
1257735354.84375 0.34375 0.5
1257735380.6875 0.375 0.5
1257735382.28125 0.34375 0.5
1257735401.875 0.375 0.5
1257735408.09375 0.34375 0.5
1257735424.5625 1.1875 0.5
1257735445.71875 0.34375 0.5
1257735451.96875 0.34375 0.5
1257735453.59375 0.34375 0.5
1257735455.875 0.375 0.5
1257735478.625 0.375 0.5
1257735485.28125 0.71875 0.5
1257735497.34375 1.15625 0.5
1257735500.96875 0.71875 0.5
1257735511.46875 0.34375 0.5
1257735513.125 0.375 0.5
1257735524.875 0.375 0.5
1257735527.5 1.5 0.5
1257735540.53125 0.34375 0.5
1257735552.15625 0.34375 0.5
1257735553.03125 0.40625 0.5
1257735579.25 0.75 0.5
1257735588.3125 0.375 0.5
1257735598.46875 0.34375 0.5
1257735622.75 0.375 0.5
1257735626.65625 0.34375 0.5
1257735629.03125 0.34375 0.5
1257735632.15625 0.34375 0.5
1257735646.28125 0.34375 0.5
1257735648.59375 1.09375 0.5
1257735652.53125 0.34375 0.5
1257735654.09375 0.34375 0.5
1257735657.1875 0.375 0.5
1257735690.9375 0.375 0.5
1257735691.71875 0.34375 0.5
1257735694.40625 0.71875 0.5
1257735695.65625 0.34375 0.5
1257735705.03125 1.15625 0.5
1257735716.8125 1.1875 0.5
1257735719.9375 0.375 0.5
1257735721.53125 0.34375 0.5
1257735750.0625 0.8125 0.5
1257735758.21875 0.34375 0.5
1257735768.46875 1.15625 0.5
1257735772.34375 0.34375 0.5
1257735773.1875 0.375 0.5
1257735775.5 0.375 0.5
1257735778.65625 1.15625 0.5
1257735780.21875 0.34375 0.5
1257735799.03125 0.34375 0.5
1257735804.0625 0.75 0.5
1257735821.71875 0.34375 0.5
1257735823.6875 1.5 0.5
1257735842.875 0.375 0.5
1257735843.65625 0.34375 0.5
1257735846.84375 0.34375 0.5
1257735847.59375 0.34375 0.5
1257735851.46875 0.34375 0.5
1257735852.21875 0.34375 0.5
1257735853.03125 0.34375 0.5
1257735853.78125 0.34375 0.5
1257735869.5 0.375 0.5
1257735871.09375 1.09375 0.5
1257735872.65625 0.34375 0.5
1257735893.78125 1.15625 0.5
1257735899.25 0.375 0.5
1257735922.40625 0.71875 0.5
1257735926.75 1.125 0.5
1257735928.28125 0.34375 0.5
1257735945.40625 0.34375 0.5
1257735946.65625 0.78125 0.5
1257735947.90625 0.34375 0.5
1257735949.46875 0.34375 0.5
1257735950.21875 0.34375 0.5
1257735954.875 0.375 0.5
1257735955.65625 0.34375 0.5
1257735956.5 0.375 0.5
1257736113.875 0.375 0.5
1257736115.09375 0.71875 0.5
1257736148.46875 0.34375 0.5
1257738121.90625 0.34375 0.5
1257738574.9375 0.8125 0.5
1257743090.34375 0.34375 0.5
1257753231.53125 0.34375 0.5
1257756729.03125 0.34375 0.5
1257762559.5625 0.375 0.5
1257770642.03125 0.34375 0.5
1257778979.15625 0.34375 0.5
1257782534.21875 0.34375 0.5
1257784181.96875 0.34375 0.5
1257784790.4375 0.5625 0.5
1257811159.21875 0.34375 0.5
1257813969.34375 0.34375 0.5
1257820964.03125 0.34375 0.5
1257859045.40625 0.34375 0.5
1257860053.03125 0.34375 0.5
1257868084.53125 0.34375 0.5
1257870277.15625 0.34375 0.5
1257879949.40625 0.34375 0.5
1257884281.65625 0.34375 0.5
1257887696.09375 0.34375 0.5
1257902582.53125 0.34375 0.5
1257923424.09375 0.34375 0.5
1257957963.6875 0.375 0.5
1257972392.03125 0.34375 0.5
1257984750.84375 0.34375 0.5
1257985359.625 0.375 0.5
1257995314.09375 0.34375 0.5
1258008473.84375 0.34375 0.5
1258014334.5625 0.375 0.5
1258024475.78125 0.34375 0.5
1258025587.125 0.375 0.5
1258056997.40625 0.34375 0.5
1258064487.71875 0.34375 0.5
1258072073.21875 0.34375 0.5
1258077705.90625 0.34375 0.5
1258087288.09375 0.34375 0.5
1258092991.21875 0.34375 0.5
1258103716.15625 0.34375 0.5
1258103955.46875 0.34375 0.5
1258116624.65625 0.34375 0.5
1258118374.90625 0.34375 0.5
1258129002.1875 0.8125 0.5
1258143333.28125 0.34375 0.5
1258172556.78125 0.34375 0.5
1258178971.40625 0.34375 0.5
1258205461.84375 0.34375 0.5
1258208154.5 0.5 0.5
1258227847.6875 0.3125 0.5
1258233887.90625 0.34375 0.5
1258237119.40625 0.59375 0.5
1258247357.28125 0.34375 0.5
1258250940.71875 0.34375 0.5
1258259485.21875 0.78125 0.5
1258286269.96875 0.34375 0.5
1258306055.09375 0.46875 0.5
1258333590.71875 0.28125 0.5
1258339951.34375 0.34375 0.5
1258342523.84375 0.34375 0.5
1258355265.6875 0.375 0.5
1258363534.53125 0.34375 0.5
1258377163.03125 0.34375 0.5
1258394340.65625 0.34375 0.5
1258406677.21875 0.34375 0.5
1258418557.46875 0.53125 0.5
1258423392.8125 0.375 0.5
1258426705.65625 0.34375 0.5
1258432994.09375 0.34375 0.5
1258437446.84375 0.34375 0.5
1258439386.59375 0.40625 0.5
1258453279.40625 0.59375 0.5
1258462769.4375 0.375 0.5
1258466372.65625 0.34375 0.5
1258466450.21875 0.34375 0.5
1258474794.03125 0.59375 0.5
1258480171.40625 0.59375 0.5
1258491051.34375 0.34375 0.5
1258503500.96875 0.34375 0.5
1258516250.09375 0.34375 0.5
1258521898.09375 0.34375 0.5
1258532047.53125 0.34375 0.5
1258532210.40625 0.34375 0.5
1258535997.59375 0.34375 0.5
1258546300.34375 0.34375 0.5
1258556962.40625 0.34375 0.5
1258568807.28125 0.34375 0.5
1258594305.375 0.625 0.5
1258607669.40625 0.34375 0.5
1258680810.53125 0.34375 0.5
1258723528.34375 0.34375 0.5
1258735856.65625 0.34375 0.5
1258750778.625 0.375 0.5
1258773465.34375 0.65625 0.5
1258787743.71875 0.34375 0.5
1258895410.71875 0.34375 0.5
1258906760.71875 0.34375 0.5
1258920592.0 0.375 0.5
1258933967.15625 0.34375 0.5
1258944149.21875 0.34375 0.5
1258984175.53125 0.46875 0.5
1258998653.03125 0.34375 0.5
1259001523.34375 0.34375 0.5
1259020927.34375 0.34375 0.5
1259032228.53125 0.34375 0.5
1259032331.40625 0.34375 0.5
1259056818.4375 0.5625 0.5
1259070131.59375 0.34375 0.5
1259087573.09375 0.34375 0.5
1259093905.34375 0.34375 0.5
1259126055.40625 0.59375 0.5
1259132329.28125 0.34375 0.5
1259136097.6875 0.3125 0.5
1259161249.25 0.375 0.5
1259184011.46875 0.53125 0.5
1259222456.40625 0.34375 0.5
1259245785.84375 0.34375 0.5
1259254900.59375 0.34375 0.5
1259255694.03125 0.34375 0.5
1259282393.71875 0.34375 0.5
1259294926.5 0.5 0.5
1259300641.78125 0.21875 0.5
1259311165.65625 0.34375 0.5
1259347650.96875 0.34375 0.5
1259349058.28125 0.34375 0.5
1259349394.28125 0.34375 0.5
1259352820.84375 0.34375 0.5
1259413299.65625 0.34375 0.5
1259454381.40625 0.34375 0.5
1259502538.78125 0.34375 0.5
1259546519.03125 0.34375 0.5
1259568497.6875 0.3125 0.5
1259576129.84375 0.34375 0.5
1259606007.03125 0.34375 0.5
1259617439.03125 0.34375 0.5
1259631325.375 0.625 0.5
1259635477.5 0.5 0.5
1259668746.34375 0.34375 0.5
1259739588.78125 0.34375 0.5
1259761885.28125 0.34375 0.5
1259768117.625 0.375 0.5
1259853341.21875 0.34375 0.5
1259865568.8125 0.375 0.5
1259889804.15625 0.34375 0.5
1259968027.84375 0.34375 0.5
1259968493.75 0.375 0.5
1259970229.90625 0.34375 0.5
1259997539.46875 0.34375 0.5
1260025949.75 0.25 0.5
1260110873.28125 0.34375 0.5
1260113069.84375 0.34375 0.5
1260115193.71875 0.34375 0.5
1260118550.21875 0.34375 0.5
1260130837.84375 0.34375 0.5
1260166843.34375 0.34375 0.5
1260186159.40625 0.34375 0.5
1260187710.625 0.375 0.5
1260194177.40625 0.34375 0.5
1260198402.03125 0.34375 0.5
1260225569.96875 0.34375 0.5
1260231067.53125 0.34375 0.5
1260325547.65625 0.34375 0.5
1260344964.90625 0.34375 0.5
1260358991.84375 0.34375 0.5
1260362167.21875 0.34375 0.5
1260396659.71875 0.34375 0.5
1260402411.4375 0.5 0.5
1260409313.1875 0.375 0.5
1260428437.59375 0.40625 0.5
1260445161.375 0.375 0.5
1260458365.59375 0.34375 0.5
1260465418.28125 0.34375 0.5
1260478786.40625 0.34375 0.5
1260495057.21875 0.34375 0.5
1260540986.46875 0.53125 0.5
1260756622.09375 0.34375 0.5
1260794941.5 0.5 0.5
1260823961.71875 0.34375 0.5
1260840863.625 0.375 0.5
1260853075.65625 0.34375 0.5
1260889122.53125 0.34375 0.5
1260903388.53125 0.34375 0.5
1260980142.3125 0.6875 0.5
1261008679.96875 0.34375 0.5
1261012111.46875 0.34375 0.5
1261024340.09375 0.34375 0.5
1261026573.6875 0.3125 0.5
1261033685.25 0.375 0.5
1261070092.15625 0.40625 0.5
1261139466.5625 0.4375 0.5
1261151980.71875 0.28125 0.5
1261164842.5625 0.4375 0.5
1261211234.15625 0.34375 0.5
1261235226.53125 0.34375 0.5
1261240409.28125 0.34375 0.5
1261251976.46875 0.53125 0.5
1261280693.46875 0.53125 0.5
1261290459.96875 0.34375 0.5
1261342824.65625 0.34375 0.5
1261343239.15625 0.34375 0.5
1261358854.34375 0.34375 0.5
1261365694.3125 0.375 0.5
1261380201.65625 0.34375 0.5
1261399318.71875 0.34375 0.5
1261418129.78125 0.21875 0.5
1261432946.59375 0.40625 0.5
1261443313.34375 0.65625 0.5
1261453236.21875 0.34375 0.5
1261478398.03125 0.34375 0.5
1261482893.84375 0.34375 0.5
1261531620.625 0.375 0.5
1261580531.4375 0.5625 0.5
1261600676.41 0.34375 0.5
1261606786.78 0.34375 0.5
1261652773.03125 0.34375 0.5
1261708778.46875 0.34375 0.5
1261713038.90625 0.34375 0.5
1261725714.25 0.375 0.5
1261749314.71875 0.34375 0.5
1261760546.28125 0.34375 0.5
1261767983.96875 0.34375 0.5
1261775478.03125 0.34375 0.5
1261785833.71875 0.34375 0.5
1261799462.40625 0.34375 0.5
1261805078.5 0.375 0.5
1261836074.34375 0.34375 0.5
1261873085.84375 0.34375 0.5
1261893817.03125 0.34375 0.5
1261910199.65625 0.34375 0.5
1261920923.59375 0.34375 0.5
1261932569.09375 0.34375 0.5
1261942546.21875 0.34375 0.5
1261945905.96875 0.34375 0.5
1261991826.09375 0.34375 0.5
1261992856.84375 0.34375 0.5
1262002355.96875 0.34375 0.5
1262041742.03125 0.34375 0.5
1262068499.15625 0.34375 0.5
1262073928.53125 0.34375 0.5
1262128121.09375 0.34375 0.5
1262152239.15625 0.34375 0.5
1262158041.21875 0.34375 0.5
1262183545.15625 0.34375 0.5
1262188731.3125 0.6875 0.5
1262198860.38 0.625 0.5
1262212248.47 0.34375 0.5
1262230491.59 0.40625 0.5
1262234674.41 0.59375 0.5
1262251330.09 0.34375 0.5
1262262626.06 0.5 0.5
1262265679.22 0.34375 0.5
1262277764.22 0.34375 0.5
1262278051.53 0.46875 0.5
1262281691.16 0.34375 0.5
1262291084.0 1.0 0.5
1262329173.72 0.28125 0.5
1262335226.56 0.4375 0.5
1262342583.62 0.375 0.5
1262358678.59 0.34375 0.5
1262380883.59 0.34375 0.5
1262412744.75 0.25 0.5
1262466926.34 0.65625 0.5
1262474459.53 0.34375 0.5
1262511393.84 0.34375 0.5
1262524661.09 0.34375 0.5
1262534734.47 0.34375 0.5
1262540086.28 0.34375 0.5
1262555331.5 0.4375 0.5
1262560076.66 0.34375 0.5
1262568957.97 0.34375 0.5
1262596424.5 0.5 0.5
1262665321.62 0.375 0.5
1262676304.44 0.375 0.5
1262692460.34 0.34375 0.5
1262696428.59 0.59375 0.5
1262706180.62 0.375 0.5
1262713648.34 0.65625 0.5
1262743438.84 0.34375 0.5
1262770901.03 0.34375 0.5
1262771156.53 0.34375 0.5
1262772754.5 0.5 0.5
1262898776.47 0.34375 0.5
1262944537.53 0.46875 0.5
1262961682.22 0.34375 0.5
1263049309.53 0.46875 0.5
1263070518.72 0.28125 0.5
1263074371.44 0.5625 0.5
1263083384.69 0.3125 0.5
1263145501.84 0.34375 0.5
1263181872.47 0.53125 0.5
1263216750.84 0.34375 0.5
1263234728.75 0.375 0.5
1263249500.59 0.40625 0.5
1263253781.91 0.34375 0.5
1263257015.97 0.34375 0.5
1263257123.47 0.34375 0.5
1263268900.91 0.34375 0.5
1263288638.03 0.34375 0.5
1263288658.03 0.34375 0.5
1263293639.28 0.34375 0.5
1263366817.91 0.34375 0.5
1263367401.03 0.34375 0.5
1263368224.62 0.375 0.5
1263583858.59 0.40625 0.5
1263586420.84 0.34375 0.5
1263586426.34 0.65625 0.5
1263590997.5 0.375 0.5
1263594798.5 0.5 0.5
1263599376.91 0.34375 0.5
1263599382.38 0.625 0.5
1263601878.28 0.34375 0.5
1263602140.84 0.34375 0.5
1263602644.28 0.71875 0.5
1263616287.41 0.59375 0.5
1263633685.97 0.34375 0.5
1263634596.53 0.46875 0.5
1263652911.28 0.59375 0.5
1263652912.5 0.5 0.5
1263681873.03 0.34375 0.5
1263685123.66 0.34375 0.5
1263697921.38 0.375 0.5
1263706330.12 0.375 0.5
1263721023.78 0.40625 0.5
1263739789.84 0.34375 0.5
1263742666.91 0.34375 0.5
1263751533.22 0.34375 0.5
1263755878.72 0.34375 0.5
1263764483.53 0.34375 0.5
1263771555.56 0.4375 0.5
1263779688.28 0.34375 0.5
1263795054.78 0.21875 0.5
1263823735.22 0.34375 0.5
1263852897.72 0.28125 0.5
1263863812.41 0.34375 0.5
1263864562.03 0.34375 0.5
1263866404.47 0.34375 0.5
1263867733.53 0.34375 0.5
1263870989.91 0.34375 0.5
1263873684.16 0.34375 0.5
1263885201.47 0.34375 0.5
1263888290.59 0.34375 0.5
1263904640.41 0.34375 0.5
1263906204.78 0.34375 0.5
1263926140.59 0.40625 0.5
1263961545.34 0.34375 0.5
1263961798.72 0.28125 0.5
1263968627.16 0.34375 0.5
1263983840.31 0.6875 0.5
1263988451.16 0.34375 0.5
1264000091.72 0.28125 0.5
1264006594.53 0.34375 0.5
1264011286.75 0.25 0.5
1264037470.03 0.34375 0.5
1264040027.28 0.34375 0.5
1264049255.09 0.34375 0.5
1264049256.81 0.375 0.5
1264055470.5 0.375 0.5
1264069152.56 0.375 0.5
1264103049.72 0.34375 0.5
1264103993.22 0.34375 0.5
1264115967.53 0.46875 0.5
1264131951.41 0.34375 0.5
1264141129.47 0.34375 0.5
1264152829.28 0.34375 0.5
1264157637.41 0.34375 0.5
1264169673.72 0.34375 0.5
1264177267.22 0.34375 0.5
1264179941.59 0.34375 0.5
1264187570.03 0.34375 0.5
1264219024.12 0.375 0.5
1264221596.84 0.34375 0.5
1264229438.34 0.34375 0.5
1264229572.62 0.375 0.5
1264256293.97 0.34375 0.5
1264317029.09 0.34375 0.5
1264377776.53 0.34375 0.5
1264403634.41 0.34375 0.5
1264410582.47 0.34375 0.5
1264421525.72 0.34375 0.5
1264442294.16 0.34375 0.5
1264461288.31 0.6875 0.5
1264475602.91 0.34375 0.5
1264507244.03 0.34375 0.5
1264525618.72 0.34375 0.5
1264529058.09 0.34375 0.5
1264564707.53 0.34375 0.5
1264574899.78 0.34375 0.5
1264575697.53 0.46875 0.5
1264608179.97 0.34375 0.5
1264610472.41 0.59375 0.5
1264613396.75 0.375 0.5
1264613790.91 0.34375 0.5
1264617060.97 0.34375 0.5
1264643360.84 0.34375 0.5
1264646175.72 0.34375 0.5
1264646277.03 0.34375 0.5
1264651860.47 0.34375 0.5
1264671428.22 0.34375 0.5
1264674835.41 0.34375 0.5
1264692202.84 0.34375 0.5
1264692203.72 0.34375 0.5
1264711104.03 0.34375 0.5
1264717203.66 0.34375 0.5
1264721628.78 0.34375 0.5
1264724297.91 0.34375 0.5
1264766612.41 0.34375 0.5
1264769388.56 0.4375 0.5
1264780664.53 0.46875 0.5
1264792357.44 0.375 0.5
1264792358.66 0.34375 0.5
1264812758.16 0.34375 0.5
1264816356.28 0.34375 0.5
1264821352.38 0.375 0.5
1264825382.41 0.34375 0.5
1264847250.09 0.34375 0.5
1264850011.16 0.34375 0.5
1264850495.31 0.375 0.5
1264890135.09 0.34375 0.5
1264891418.31 0.375 0.5
1264902332.72 0.34375 0.5
1264904491.41 0.40625 0.5
1264905769.91 0.34375 0.5
1264905770.66 0.34375 0.5
1264921784.28 0.34375 0.5
1264924640.56 0.4375 0.5
1264956166.25 0.375 0.5
1264962695.69 0.3125 0.5
1264997694.03 0.34375 0.5
1265017689.03 0.34375 0.5
1265025131.75 0.25 0.5
1265051610.34 0.65625 0.5
1265061360.41 0.34375 0.5
1265080885.59375 0.46875 0.5
1265133148.75 0.25 0.5
1265179150.53125 0.34375 0.5
1265214418.71875 0.34375 0.5
1265224270.53125 0.34375 0.5
1265227676.34375 0.34375 0.5
1265237409.21875 0.34375 0.5
1265251031.65625 0.34375 0.5
1265253239.84375 0.34375 0.5
1265279315.78125 0.34375 0.5
1265290492.6875 0.375 0.5
1265330005.03125 0.34375 0.5
1265367746.78125 0.34375 0.5
1265404104.78125 0.34375 0.5
1265422525.34375 0.34375 0.5
1265431563.6875 0.3125 0.5
1265444698.34375 0.34375 0.5
1265468517.9375 0.0625 0.5
1265502572.6875 0.375 0.5
1265502573.71875 0.28125 0.5
1265518738.78125 0.34375 0.5
1265525679.09375 0.34375 0.5
1265548852.28125 0.71875 0.5
1265556461.90625 0.34375 0.5
1265560987.59375 0.34375 0.5
1265563393.65625 0.34375 0.5
1265573181.59375 0.34375 0.5
1265618372.21875 0.34375 0.5
1265626077.375 0.625 0.5
1265662422.34375 0.34375 0.5
1265676723.59375 0.34375 0.5
1265705131.15625 0.46875 0.5
1265726212.34375 0.34375 0.5
1265731145.15625 0.34375 0.5
1265747065.96875 0.34375 0.5
1265749421.65625 0.34375 0.5
1265756346.71875 0.28125 0.5
1265868201.65625 0.34375 0.5
1265906427.84375 0.34375 0.5
1265917798.46875 0.34375 0.5
1265931937.78125 0.34375 0.5
1265936808.21875 0.34375 0.5
1265946035.21875 0.34375 0.5
1265976710.78125 0.34375 0.5
1265993979.15625 0.34375 0.5
1266027528.09375 0.34375 0.5
1266044216.96875 0.34375 0.5
1266048281.90625 0.09375 0.5
1266064789.5625 0.4375 0.5
1266129018.59375 0.34375 0.5
1266170012.71875 0.34375 0.5
1266191123.625 0.375 0.5
1266205285.09375 0.34375 0.5
1266206444.59375 0.34375 0.5
1266234200.21875 0.34375 0.5
1266240335.15625 0.34375 0.5
1266248376.90625 0.34375 0.5
1266256152.65625 0.34375 0.5
1266263243.4375 0.5625 0.5
1266292094.46875 0.34375 0.5
1266294506.84375 0.34375 0.5
1266297501.0 0.375 0.5
1266303163.03125 0.34375 0.5
1266321890.875 0.375 0.5
1266329135.34375 0.34375 0.5
1266342821.4375 0.5625 0.5
1266358260.53125 0.34375 0.5
1266358725.96875 0.34375 0.5
1266372890.5 0.5625 0.5
1266379105.78125 0.34375 0.5
1266393139.53125 0.34375 0.5
1266411290.9375 0.375 0.5
1266411917.65625 0.34375 0.5
1266435073.71875 0.34375 0.5
1266442783.90625 0.34375 0.5
1266442784.65625 0.34375 0.5
1266459385.65625 0.34375 0.5
1266460307.71875 0.28125 0.5
1266484466.71875 0.34375 0.5
1266504204.15625 0.34375 0.5
1266511902.28125 0.34375 0.5
1266514077.375 0.625 0.5
1266520643.21875 0.34375 0.5
1266541903.65625 0.34375 0.5
1266557796.40625 0.34375 0.5
1266562761.65625 0.34375 0.5
1266568485.71875 0.34375 0.5
1266568486.59375 0.34375 0.5
1266605138.78125 0.34375 0.5
1266608322.65625 0.34375 0.5
1266616377.71875 0.40625 0.5
1266621821.96875 0.34375 0.5
1266627259.75 0.4375 0.5
1266628648.84375 0.34375 0.5
1266703763.78125 0.34375 0.5
1266740998.40625 0.34375 0.5
1266757265.96875 0.34375 0.5
1266778929.84375 0.34375 0.5
1266828199.4375 0.5625 0.5
1266849973.65625 0.34375 0.5
1266850599.21875 0.34375 0.5
1266856971.40625 0.34375 0.5
1266868243.65625 0.34375 0.5
1266880472.3125 0.6875 0.5
1266921833.78125 0.34375 0.5
1266969889.03125 0.34375 0.5
1266986566.78125 0.34375 0.5
1267017158.28125 0.34375 0.5
1267048775.53125 0.34375 0.5
1267078945.53125 0.34375 0.5
1267097589.25 0.375 0.5
1267165084.90625 0.34375 0.5
1267225996.9375 0.375 0.5
1267251386.09375 0.34375 0.5
1267252896.78125 0.34375 0.5
1267265852.90625 0.34375 0.5
1267270172.46875 0.34375 0.5
1267312748.40625 0.59375 0.5
1267318696.28125 0.34375 0.5
1267318697.4375 0.5625 0.5
1267337339.90625 0.34375 0.5
1267340588.53125 0.34375 0.5
1267362120.90625 0.34375 0.5
1267380766.46875 0.34375 0.5
1267419394.34375 0.34375 0.5
1267429630.1875 0.375 0.5
1267432653.65625 0.34375 0.5
1267449034.78125 0.34375 0.5
1267478863.09375 0.34375 0.5
1267478919.59375 0.34375 0.5
1267489105.6875 0.3125 0.5
1267522747.5 0.375 0.5
1267530676.59375 0.34375 0.5
1267532179.03125 0.34375 0.5
1267552058.46875 0.34375 0.5
1267563501.59375 0.34375 0.5
1267574159.28125 0.34375 0.5
1267589095.75 0.25 0.5
1267658321.90625 0.34375 0.5
1267665584.46875 0.34375 0.5
1267668880.84375 0.34375 0.5
1267668881.78125 0.34375 0.5
1267677648.25 0.375 0.5
1267738004.53125 0.34375 0.5
1267758958.40625 0.59375 0.5
1267774193.0625 0.9375 0.5
1267815775.90625 0.34375 0.5
1267816386.59375 0.34375 0.5
1267824020.28125 0.53125 0.5
1267829884.46875 0.34375 0.5
1267835281.40625 0.59375 0.5
1267856881.65625 0.34375 0.5
1267864929.78125 0.34375 0.5
1267878085.96875 0.34375 0.5
1267878730.84375 0.34375 0.5
1267908940.375 0.375 0.5
1267922793.78125 0.34375 0.5
1267950466.78125 0.34375 0.5
1267953759.46875 0.34375 0.5
1267961283.53125 0.34375 0.5
1267964244.09375 0.34375 0.5
1267982698.03125 0.34375 0.5
1268008478.65625 0.34375 0.5
1268019848.78125 0.34375 0.5
1268032168.53125 0.34375 0.5
1268042989.75 0.25 0.5
1268070320.5625 0.4375 0.5
1268088930.46875 0.34375 0.5
1268111144.125 0.375 0.5
1268120475.84375 0.34375 0.5
1268125232.15625 0.34375 0.5
1268130833.90625 0.34375 0.5
1268149000.96875 0.34375 0.5
1268149400.9375 0.0625 0.5
1268158558.65625 0.34375 0.5
1268186829.21875 0.34375 0.5
1268190113.53125 0.34375 0.5
1268190170.40625 0.34375 0.5
1268208693.59375 0.34375 0.5
1268217992.9375 0.375 0.5
1268218791.21875 0.78125 0.5
1268233653.84375 0.34375 0.5
1268234784.28125 0.34375 0.5
1268235165.78125 0.34375 0.5
1268238826.6875 0.3125 0.5
1268254502.90625 0.34375 0.5
1268263733.875 0.375 0.5
1268263794.15625 0.34375 0.5
1268267720.59375 0.34375 0.5
1268271985.90625 0.34375 0.5
1268279302.46875 0.53125 0.5
1268286270.65625 0.34375 0.5
1268297170.96875 0.34375 0.5
1268305670.40625 0.34375 0.5
1268312588.96875 0.34375 0.5
1268312693.71875 0.34375 0.5
1268331863.65625 0.34375 0.5
1268336046.03125 0.34375 0.5
1268350059.96875 0.34375 0.5
1268350985.34375 0.34375 0.5
1268366591.96875 0.34375 0.5
1268367605.6875 0.3125 0.5
1268376026.96875 0.34375 0.5
1268389707.21875 0.34375 0.5
1268397752.09375 0.34375 0.5
1268422079.59375 0.34375 0.5
1268452076.84375 0.34375 0.5
1268484286.84375 0.34375 0.5
1268489095.875 0.125 0.5
1268506649.34375 0.34375 0.5
1268508886.46875 0.34375 0.5
1268526829.0 0.625 0.5
1268538330.21875 0.34375 0.5
1268543499.40625 0.34375 0.5
1268557224.53125 0.46875 0.5
1268572798.625 0.375 0.5
1268598102.21875 0.34375 0.5
1268621882.25 0.5 0.5
1268638138.53125 0.34375 0.5
1268649315.46875 0.34375 0.5
1268657069.71875 0.34375 0.5
1268671181.90625 0.34375 0.5
1268674488.21875 0.34375 0.5
1268678526.09375 0.34375 0.5
1268699380.03125 0.34375 0.5
1268724489.59375 0.34375 0.5
1268726931.28125 0.34375 0.5
1268762790.03125 0.34375 0.5
1268766170.96875 0.34375 0.5
1268770946.3125 0.6875 0.5
1268794942.65625 0.34375 0.5
1268802826.53125 0.34375 0.5
1268804873.46875 0.34375 0.5
1268839315.46875 0.34375 0.5
1268870188.65625 0.34375 0.5
1268877654.75 0.375 0.5
1268884508.40625 0.34375 0.5
1268895923.84375 0.34375 0.5
1268906874.875 0.375 0.5
1268938485.65625 0.34375 0.5
1268958670.9375 0.375 0.5
1268959207.8125 0.375 0.5
1268961440.46875 0.34375 0.5
1268982839.09375 0.34375 0.5
1268989581.96875 0.34375 0.5
1268995058.96875 0.34375 0.5
1269005762.34375 0.34375 0.5
1269012468.75 0.25 0.5
1269021377.34375 0.34375 0.5
1269044400.15625 0.34375 0.5
1269058951.53125 0.34375 0.5
1269062804.28125 0.34375 0.5
1269084840.84375 0.34375 0.5
1269100269.375 0.4375 0.5
1269120083.78125 0.34375 0.5
1269123771.28125 0.34375 0.5
1269128218.46875 0.34375 0.5
1269140509.4375 0.5 0.5
1269167489.09375 0.34375 0.5
1269192642.71875 0.34375 0.5
1269202927.21875 0.34375 0.5
1269204318.21875 0.34375 0.5
1269254367.09375 0.34375 0.5
1269275599.40625 0.34375 0.5
1269296087.375 0.5 0.5
1269308786.375 0.375 0.5
1269308945.65625 0.34375 0.5
1269310188.40625 0.34375 0.5
1269311625.1875 0.375 0.5
1269315609.15625 0.34375 0.5
1269329310.84375 0.34375 0.5
1269356101.09375 0.34375 0.5
